Date, YTD, MTD, Day
01/02/2014, -0.6%, -0.6%, -0.6%
01/03/2014, -0.61%, -0.61%, -0.01%
01/06/2014, -0.63%, -0.63%, -0.03%
01/07/2014, -0.32%, -0.32%, 0.31%
01/08/2014, -0.46%, -0.46%, -0.14%
01/09/2014, -0.44%, -0.44%, 0.02%
01/10/2014, 0.07%, 0.07%, 0.51%
01/13/2014, -0.31%, -0.31%, -0.38%
01/14/2014, 0.05%, 0.05%, 0.37%
01/15/2014, 0.24%, 0.24%, 0.19%
01/16/2014, 0.27%, 0.27%, 0.03%
01/17/2014, 0.13%, 0.13%, -0.14%
01/21/2014, 0.28%, 0.28%, 0.15%
01/22/2014, 0.3%, 0.3%, 0.02%
01/23/2014, -0.02%, -0.02%, -0.31%
01/24/2014, -1.17%, -1.17%, -1.16%
01/27/2014, -1.63%, -1.63%, -0.48%
01/28/2014, -1.19%, -1.19%, 0.45%
01/29/2014, -1.58%, -1.58%, -0.4%
01/30/2014, -1.19%, -1.19%, 0.41%
01/31/2014, -1.56%, -1.56%, -0.39%
02/03/2014, -2.48%, -0.96%, -0.96%
02/04/2014, -2.26%, -0.73%, 0.25%
02/05/2014, -2.36%, -0.83%, -0.1%
02/06/2014, -1.66%, -0.09%, 0.74%
02/07/2014, -0.95%, 0.64%, 0.73%
02/10/2014, -0.93%, 0.65%, 0.02%
02/11/2014, -0.42%, 1.2%, 0.54%
02/12/2014, -0.35%, 1.27%, 0.07%
02/13/2014, -0.02%, 1.61%, 0.34%
02/14/2014, 0.24%, 1.88%, 0.26%
02/18/2014, 0.52%, 2.17%, 0.28%
02/19/2014, 0.16%, 1.8%, -0.36%
02/20/2014, 0.38%, 2.03%, 0.22%
02/21/2014, 0.44%, 2.09%, 0.06%
02/24/2014, 0.76%, 2.42%, 0.32%
02/25/2014, 0.8%, 2.46%, 0.04%
02/26/2014, 0.78%, 2.44%, -0.02%
02/27/2014, 1.12%, 2.78%, 0.33%
02/28/2014, 1.24%, 2.92%, 0.13%
03/03/2014, 0.64%, -0.6%, -0.6%
03/04/2014, 1.33%, 0.09%, 0.7%
03/05/2014, 1.36%, 0.11%, 0.03%
03/06/2014, 1.54%, 0.29%, 0.18%
03/07/2014, 1.29%, 0.05%, -0.24%
03/10/2014, 1.11%, -0.14%, -0.19%
03/11/2014, 0.82%, -0.42%, -0.28%
03/12/2014, 0.82%, -0.43%, -0.01%
03/13/2014, 0.29%, -0.94%, -0.52%
03/14/2014, 0.12%, -1.12%, -0.17%
03/17/2014, 0.57%, -0.67%, 0.45%
03/18/2014, 1.03%, -0.22%, 0.46%
03/19/2014, 0.32%, -0.92%, -0.71%
03/20/2014, 0.35%, -0.89%, 0.03%
03/21/2014, 0.33%, -0.91%, -0.03%
03/24/2014, -0.05%, -1.29%, -0.38%
03/25/2014, 0.29%, -0.95%, 0.35%
03/26/2014, 0.16%, -1.08%, -0.13%
03/27/2014, 0.31%, -0.93%, 0.16%
03/28/2014, 0.56%, -0.68%, 0.25%
03/31/2014, 1.01%, -0.23%, 0.45%
04/01/2014, 1.37%, 0.35%, 0.35%
04/02/2014, 1.41%, 0.4%, 0.04%
04/03/2014, 1.29%, 0.28%, -0.12%
04/04/2014, 0.97%, -0.04%, -0.31%
04/07/2014, 0.62%, -0.38%, -0.35%
04/08/2014, 0.84%, -0.17%, 0.22%
04/09/2014, 1.48%, 0.46%, 0.64%
04/10/2014, 0.58%, -0.42%, -0.88%
04/11/2014, 0.16%, -0.84%, -0.42%
04/14/2014, 0.43%, -0.57%, 0.27%
04/15/2014, 0.51%, -0.5%, 0.08%
04/16/2014, 1.02%, 0.01%, 0.52%
04/17/2014, 1.02%, 0.01%, -0%
04/21/2014, 1.14%, 0.13%, 0.12%
04/22/2014, 1.47%, 0.46%, 0.33%
04/23/2014, 1.33%, 0.32%, -0.14%
04/24/2014, 1.43%, 0.42%, 0.1%
04/25/2014, 0.98%, -0.03%, -0.45%
04/28/2014, 1.06%, 0.06%, 0.09%
04/29/2014, 1.37%, 0.36%, 0.31%
04/30/2014, 1.65%, 0.63%, 0.27%
05/01/2014, 1.82%, 0.18%, 0.18%
05/02/2014, 1.83%, 0.18%, 0%
05/05/2014, 1.81%, 0.16%, -0.02%
05/06/2014, 1.57%, -0.08%, -0.23%
05/07/2014, 1.79%, 0.14%, 0.22%
05/08/2014, 1.71%, 0.06%, -0.08%
05/09/2014, 1.7%, 0.06%, -0.01%
05/12/2014, 2.12%, 0.47%, 0.41%
05/13/2014, 2.27%, 0.61%, 0.14%
05/14/2014, 2.27%, 0.61%, 0%
05/15/2014, 1.93%, 0.28%, -0.34%
05/16/2014, 2.05%, 0.4%, 0.12%
05/19/2014, 2.1%, 0.45%, 0.05%
05/20/2014, 1.82%, 0.17%, -0.28%
05/21/2014, 2.18%, 0.53%, 0.37%
05/22/2014, 2.33%, 0.67%, 0.14%
05/23/2014, 2.62%, 0.96%, 0.29%
05/27/2014, 2.95%, 1.28%, 0.32%
05/28/2014, 3%, 1.33%, 0.05%
05/29/2014, 3.22%, 1.55%, 0.22%
05/30/2014, 3.17%, 1.5%, -0.06%
06/02/2014, 3.16%, -0%, -0%
06/03/2014, 3.01%, -0.15%, -0.15%
06/04/2014, 3.04%, -0.13%, 0.02%
06/05/2014, 3.53%, 0.35%, 0.47%
06/06/2014, 3.79%, 0.6%, 0.25%
06/09/2014, 3.78%, 0.59%, -0.01%
06/10/2014, 3.75%, 0.56%, -0.03%
06/11/2014, 3.55%, 0.37%, -0.19%
06/12/2014, 3.45%, 0.27%, -0.09%
06/13/2014, 3.52%, 0.34%, 0.07%
06/16/2014, 3.56%, 0.37%, 0.03%
06/17/2014, 3.49%, 0.31%, -0.06%
06/18/2014, 4.05%, 0.85%, 0.53%
06/19/2014, 4.11%, 0.91%, 0.06%
06/20/2014, 4.19%, 0.98%, 0.07%
06/23/2014, 3.66%, 0.48%, -0.49%
06/24/2014, 3.41%, 0.23%, -0.24%
06/25/2014, 3.6%, 0.41%, 0.18%
06/26/2014, 3.67%, 0.48%, 0.07%
06/27/2014, 3.79%, 0.6%, 0.12%
06/30/2014, 3.91%, 0.72%, 0.12%
07/01/2014, 4.26%, 0.32%, 0.32%
07/02/2014, 4.17%, 0.24%, -0.09%
07/03/2014, 4.36%, 0.42%, 0.18%
07/07/2014, 4.02%, 0.1%, -0.31%
07/08/2014, 3.73%, -0.18%, -0.27%
07/09/2014, 3.92%, 0%, 0.18%
07/10/2014, 3.57%, -0.33%, -0.33%
07/11/2014, 3.66%, -0.25%, 0.08%
07/14/2014, 3.9%, -0.02%, 0.23%
07/15/2014, 3.67%, -0.24%, -0.21%
07/16/2014, 4.01%, 0.09%, 0.33%
07/17/2014, 3.49%, -0.4%, -0.49%
07/18/2014, 3.96%, 0.05%, 0.45%
07/21/2014, 3.79%, -0.12%, -0.16%
07/22/2014, 4.19%, 0.26%, 0.38%
07/23/2014, 4.3%, 0.37%, 0.11%
07/24/2014, 4.24%, 0.3%, -0.06%
07/25/2014, 4.09%, 0.17%, -0.14%
07/28/2014, 4.07%, 0.15%, -0.02%
07/29/2014, 3.92%, 0.01%, -0.14%
07/30/2014, 3.75%, -0.16%, -0.16%
07/31/2014, 2.67%, -1.19%, -1.03%
08/01/2014, 2.58%, -0.09%, -0.09%
08/04/2014, 2.93%, 0.25%, 0.34%
08/05/2014, 2.42%, -0.24%, -0.49%
08/06/2014, 2.32%, -0.34%, -0.1%
08/07/2014, 2.08%, -0.57%, -0.24%
08/08/2014, 2.45%, -0.21%, 0.37%
08/11/2014, 2.74%, 0.06%, 0.28%
08/12/2014, 2.62%, -0.05%, -0.11%
08/13/2014, 3.07%, 0.38%, 0.43%
08/14/2014, 3.34%, 0.65%, 0.27%
08/15/2014, 3.44%, 0.74%, 0.09%
08/18/2014, 3.77%, 1.06%, 0.32%
08/19/2014, 3.98%, 1.26%, 0.2%
08/20/2014, 3.92%, 1.21%, -0.06%
08/21/2014, 4.14%, 1.42%, 0.21%
08/22/2014, 4%, 1.28%, -0.13%
08/25/2014, 4.3%, 1.58%, 0.29%
08/26/2014, 4.43%, 1.7%, 0.12%
08/27/2014, 4.63%, 1.9%, 0.2%
08/28/2014, 4.47%, 1.74%, -0.16%
08/29/2014, 4.59%, 1.86%, 0.11%
09/02/2014, 4.43%, -0.15%, -0.15%
09/03/2014, 4.66%, 0.07%, 0.23%
09/04/2014, 4.38%, -0.2%, -0.27%
09/05/2014, 4.55%, -0.04%, 0.16%
09/08/2014, 4.18%, -0.4%, -0.36%
09/09/2014, 3.77%, -0.78%, -0.38%
09/10/2014, 3.83%, -0.73%, 0.05%
09/11/2014, 3.7%, -0.86%, -0.13%
09/12/2014, 3.32%, -1.21%, -0.36%
09/15/2014, 3.25%, -1.28%, -0.07%
09/16/2014, 3.49%, -1.06%, 0.22%
09/17/2014, 3.34%, -1.2%, -0.15%
09/18/2014, 3.65%, -0.91%, 0.3%
09/19/2014, 3.55%, -1%, -0.09%
09/22/2014, 3.13%, -1.4%, -0.4%
09/23/2014, 2.53%, -1.97%, -0.58%
09/24/2014, 2.81%, -1.7%, 0.28%
09/25/2014, 2.08%, -2.39%, -0.7%
09/26/2014, 2.36%, -2.13%, 0.27%
09/29/2014, 2.09%, -2.39%, -0.28%
09/30/2014, 1.83%, -2.63%, -0.25%
10/01/2014, 1.4%, -0.42%, -0.42%
10/02/2014, 1.13%, -0.7%, -0.28%
10/03/2014, 1.48%, -0.37%, 0.34%
10/06/2014, 1.64%, -0.19%, 0.17%
10/07/2014, 1.07%, -0.76%, -0.57%
10/08/2014, 1.86%, 0.02%, 0.79%
10/09/2014, 0.67%, -1.16%, -1.18%
10/10/2014, -0.04%, -1.86%, -0.72%
10/13/2014, -0.42%, -2.21%, -0.37%
10/14/2014, -0.22%, -2.02%, 0.2%
10/15/2014, -0.5%, -2.3%, -0.3%
10/16/2014, -0.64%, -2.44%, -0.15%
10/17/2014, -0.03%, -1.84%, 0.64%
10/20/2014, 0.44%, -1.38%, 0.47%
10/21/2014, 1.21%, -0.63%, 0.78%
10/22/2014, 0.79%, -1.04%, -0.41%
10/23/2014, 1.27%, -0.58%, 0.48%
10/24/2014, 1.53%, -0.32%, 0.26%
10/27/2014, 1.36%, -0.49%, -0.17%
10/28/2014, 2.07%, 0.21%, 0.71%
10/29/2014, 1.85%, -0.02%, -0.22%
10/30/2014, 2.21%, 0.34%, 0.36%
10/31/2014, 2.9%, 1.02%, 0.68%
11/03/2014, 2.64%, -0.26%, -0.26%
11/04/2014, 2.36%, -0.54%, -0.28%
11/05/2014, 2.56%, -0.35%, 0.19%
11/06/2014, 2.43%, -0.49%, -0.14%
11/07/2014, 2.6%, -0.33%, 0.16%
11/10/2014, 2.77%, -0.16%, 0.17%
11/11/2014, 2.84%, -0.08%, 0.08%
11/12/2014, 2.72%, -0.21%, -0.13%
11/13/2014, 2.76%, -0.17%, 0.05%
11/14/2014, 2.91%, -0.01%, 0.15%
11/17/2014, 2.75%, -0.18%, -0.17%
11/18/2014, 3.18%, 0.24%, 0.43%
11/19/2014, 2.96%, 0.02%, -0.22%
11/20/2014, 3.03%, 0.09%, 0.06%
11/21/2014, 3.53%, 0.58%, 0.49%
11/24/2014, 3.73%, 0.78%, 0.2%
11/25/2014, 3.84%, 0.88%, 0.1%
11/26/2014, 4.06%, 1.1%, 0.22%
11/28/2014, 3.76%, 0.79%, -0.3%
12/01/2014, 3.33%, -0.41%, -0.41%
12/02/2014, 3.43%, -0.32%, 0.09%
12/03/2014, 3.6%, -0.17%, 0.15%
12/04/2014, 3.51%, -0.25%, -0.09%
12/05/2014, 3.48%, -0.29%, -0.04%
12/08/2014, 3.05%, -0.7%, -0.41%
12/09/2014, 3.01%, -0.75%, -0.05%
12/10/2014, 2.26%, -1.46%, -0.72%
12/11/2014, 2.28%, -1.46%, 0%
12/12/2014, 1.59%, -2.11%, -0.68%
12/15/2014, 0.9%, -2.8%, -0.71%
12/16/2014, 0.88%, -2.79%, 0%
12/17/2014, 1.63%, -2.1%, 0.74%
12/18/2014, 2.65%, -1.12%, 1.02%
12/19/2014, 2.53%, -1.25%, -0.14%
12/22/2014, 2.71%, -1.07%, 0.19%
12/23/2014, 2.49%, -1.29%, -0.22%
12/24/2014, 2.54%, -1.25%, 0.04%
12/26/2014, 2.76%, -1.04%, 0.22%
12/29/2014, 2.87%, -0.93%, 0.1%
12/30/2014, 2.58%, -1.22%, -0.29%
12/31/2014, 2.24%, -1.53%, -0.32%
