Date, YTD, MTD, Day
01/02/2014, 0.04%, 0.04%, 0.04%
01/03/2014, 0.04%, 0.04%, 0%
01/06/2014, 0.21%, 0.21%, 0.17%
01/07/2014, 0.33%, 0.33%, 0.12%
01/08/2014, 0.06%, 0.06%, -0.27%
01/09/2014, 0.15%, 0.15%, 0.09%
01/10/2014, 0.62%, 0.62%, 0.47%
01/13/2014, 0.74%, 0.74%, 0.12%
01/14/2014, 0.61%, 0.61%, -0.13%
01/15/2014, 0.55%, 0.55%, -0.06%
01/16/2014, 0.72%, 0.72%, 0.17%
01/17/2014, 0.79%, 0.79%, 0.07%
01/21/2014, 0.72%, 0.72%, -0.07%
01/22/2014, 0.64%, 0.64%, -0.08%
01/23/2014, 0.87%, 0.87%, 0.23%
01/24/2014, 0.94%, 0.94%, 0.07%
01/27/2014, 0.72%, 0.72%, -0.21%
01/28/2014, 0.85%, 0.85%, 0.13%
01/29/2014, 0.98%, 0.98%, 0.13%
01/30/2014, 1.03%, 1.03%, 0.05%
01/31/2014, 1.09%, 1.09%, 0.05%
02/03/2014, 1.34%, 0.24%, 0.24%
02/04/2014, 1.19%, 0.1%, -0.14%
02/05/2014, 1%, -0.09%, -0.19%
02/06/2014, 0.98%, -0.11%, -0.02%
02/07/2014, 1.13%, 0.04%, 0.15%
02/10/2014, 1.22%, 0.14%, 0.09%
02/11/2014, 1.01%, -0.07%, -0.21%
02/12/2014, 0.93%, -0.15%, -0.08%
02/13/2014, 1.13%, 0.05%, 0.21%
02/14/2014, 1.16%, 0.08%, 0.02%
02/18/2014, 1.26%, 0.18%, 0.11%
02/19/2014, 1.14%, 0.06%, -0.12%
02/20/2014, 1.08%, 0%, -0.06%
02/21/2014, 1.17%, 0.09%, 0.09%
02/24/2014, 1.11%, 0.03%, -0.06%
02/25/2014, 1.38%, 0.29%, 0.26%
02/26/2014, 1.47%, 0.38%, 0.09%
02/27/2014, 1.67%, 0.59%, 0.2%
02/28/2014, 1.59%, 0.51%, -0.08%
03/03/2014, 1.82%, 0.22%, 0.22%
03/04/2014, 1.45%, -0.14%, -0.36%
03/05/2014, 1.54%, -0.06%, 0.09%
03/06/2014, 1.28%, -0.31%, -0.25%
03/07/2014, 1.1%, -0.49%, -0.18%
03/10/2014, 1.09%, -0.5%, -0.01%
03/11/2014, 1.06%, -0.53%, -0.03%
03/12/2014, 1.24%, -0.35%, 0.18%
03/13/2014, 1.54%, -0.06%, 0.3%
03/14/2014, 1.44%, -0.15%, -0.1%
03/17/2014, 1.3%, -0.28%, -0.13%
03/18/2014, 1.43%, -0.16%, 0.13%
03/19/2014, 0.95%, -0.64%, -0.48%
03/20/2014, 0.88%, -0.71%, -0.07%
03/21/2014, 1.04%, -0.54%, 0.17%
03/24/2014, 1.09%, -0.5%, 0.04%
03/25/2014, 1.11%, -0.48%, 0.02%
03/26/2014, 1.25%, -0.33%, 0.14%
03/27/2014, 1.34%, -0.25%, 0.09%
03/28/2014, 1.19%, -0.4%, -0.15%
03/31/2014, 1.23%, -0.35%, 0.05%
04/01/2014, 1.18%, -0.05%, -0.05%
04/02/2014, 1.02%, -0.21%, -0.16%
04/03/2014, 1.09%, -0.14%, 0.08%
04/04/2014, 1.3%, 0.07%, 0.21%
04/07/2014, 1.43%, 0.2%, 0.13%
04/08/2014, 1.45%, 0.22%, 0.02%
04/09/2014, 1.51%, 0.28%, 0.06%
04/10/2014, 1.68%, 0.44%, 0.16%
04/11/2014, 1.72%, 0.48%, 0.04%
04/14/2014, 1.66%, 0.42%, -0.06%
04/15/2014, 1.77%, 0.53%, 0.11%
04/16/2014, 1.74%, 0.5%, -0.04%
04/17/2014, 1.39%, 0.15%, -0.34%
04/21/2014, 1.4%, 0.17%, 0.02%
04/22/2014, 1.52%, 0.29%, 0.12%
04/23/2014, 1.6%, 0.36%, 0.07%
04/24/2014, 1.69%, 0.45%, 0.09%
04/25/2014, 1.65%, 0.41%, -0.05%
04/28/2014, 1.56%, 0.33%, -0.08%
04/29/2014, 1.59%, 0.35%, 0.03%
04/30/2014, 1.79%, 0.55%, 0.19%
05/01/2014, 2.06%, 0.27%, 0.27%
05/02/2014, 2.06%, 0.27%, -0%
05/05/2014, 1.98%, 0.18%, -0.08%
05/06/2014, 2.03%, 0.23%, 0.05%
05/07/2014, 2.14%, 0.34%, 0.11%
05/08/2014, 2.13%, 0.33%, -0.01%
05/09/2014, 2.05%, 0.25%, -0.08%
05/12/2014, 1.92%, 0.13%, -0.12%
05/13/2014, 2.19%, 0.39%, 0.26%
05/14/2014, 2.44%, 0.63%, 0.24%
05/15/2014, 2.48%, 0.68%, 0.05%
05/16/2014, 2.41%, 0.61%, -0.07%
05/19/2014, 2.34%, 0.54%, -0.07%
05/20/2014, 2.48%, 0.68%, 0.14%
05/21/2014, 2.34%, 0.55%, -0.14%
05/22/2014, 2.36%, 0.56%, 0.01%
05/23/2014, 2.47%, 0.67%, 0.11%
05/27/2014, 2.6%, 0.79%, 0.12%
05/28/2014, 2.86%, 1.05%, 0.26%
05/29/2014, 2.79%, 0.99%, -0.06%
05/30/2014, 2.71%, 0.9%, -0.09%
06/02/2014, 2.53%, -0.17%, -0.17%
06/03/2014, 2.26%, -0.43%, -0.27%
06/04/2014, 2.18%, -0.51%, -0.08%
06/05/2014, 2.4%, -0.3%, 0.21%
06/06/2014, 2.34%, -0.36%, -0.06%
06/09/2014, 2.25%, -0.44%, -0.08%
06/10/2014, 2.16%, -0.53%, -0.09%
06/11/2014, 2.14%, -0.55%, -0.02%
06/12/2014, 2.3%, -0.4%, 0.15%
06/13/2014, 2.22%, -0.47%, -0.07%
06/16/2014, 2.31%, -0.38%, 0.09%
06/17/2014, 2.06%, -0.63%, -0.25%
06/18/2014, 2.36%, -0.33%, 0.3%
06/19/2014, 2.19%, -0.5%, -0.17%
06/20/2014, 2.29%, -0.41%, 0.1%
06/23/2014, 2.26%, -0.44%, -0.03%
06/24/2014, 2.4%, -0.29%, 0.14%
06/25/2014, 2.52%, -0.19%, 0.11%
06/26/2014, 2.6%, -0.1%, 0.09%
06/27/2014, 2.62%, -0.09%, 0.01%
06/30/2014, 2.71%, 0%, 0.09%
07/01/2014, 2.57%, -0.14%, -0.14%
07/02/2014, 2.3%, -0.4%, -0.26%
07/03/2014, 2.15%, -0.55%, -0.15%
07/07/2014, 2.21%, -0.49%, 0.06%
07/08/2014, 2.44%, -0.27%, 0.23%
07/09/2014, 2.46%, -0.25%, 0.02%
07/10/2014, 2.52%, -0.19%, 0.06%
07/11/2014, 2.61%, -0.1%, 0.09%
07/14/2014, 2.46%, -0.25%, -0.15%
07/15/2014, 2.35%, -0.35%, -0.1%
07/16/2014, 2.47%, -0.24%, 0.11%
07/17/2014, 2.67%, -0.04%, 0.21%
07/18/2014, 2.64%, -0.07%, -0.04%
07/21/2014, 2.62%, -0.09%, -0.01%
07/22/2014, 2.74%, 0.03%, 0.12%
07/23/2014, 2.75%, 0.04%, 0.01%
07/24/2014, 2.49%, -0.22%, -0.26%
07/25/2014, 2.73%, 0.02%, 0.24%
07/28/2014, 2.64%, -0.07%, -0.09%
07/29/2014, 2.71%, -0%, 0.07%
07/30/2014, 2.35%, -0.35%, -0.35%
07/31/2014, 2.16%, -0.53%, -0.18%
08/01/2014, 2.41%, 0.25%, 0.25%
08/04/2014, 2.45%, 0.28%, 0.03%
08/05/2014, 2.49%, 0.32%, 0.04%
08/06/2014, 2.4%, 0.24%, -0.09%
08/07/2014, 2.64%, 0.47%, 0.23%
08/08/2014, 2.6%, 0.43%, -0.04%
08/11/2014, 2.62%, 0.45%, 0.02%
08/12/2014, 2.52%, 0.35%, -0.1%
08/13/2014, 2.74%, 0.57%, 0.21%
08/14/2014, 2.85%, 0.67%, 0.11%
08/15/2014, 3.03%, 0.85%, 0.18%
08/18/2014, 2.9%, 0.72%, -0.13%
08/19/2014, 2.83%, 0.65%, -0.06%
08/20/2014, 2.75%, 0.57%, -0.08%
08/21/2014, 2.85%, 0.67%, 0.1%
08/22/2014, 2.84%, 0.67%, -0.01%
08/25/2014, 2.96%, 0.78%, 0.11%
08/26/2014, 2.97%, 0.79%, 0.01%
08/27/2014, 3.15%, 0.97%, 0.18%
08/28/2014, 3.23%, 1.04%, 0.07%
08/29/2014, 3.25%, 1.06%, 0.02%
09/02/2014, 2.89%, -0.35%, -0.35%
09/03/2014, 2.98%, -0.26%, 0.09%
09/04/2014, 2.79%, -0.44%, -0.19%
09/05/2014, 2.81%, -0.42%, 0.02%
09/08/2014, 2.7%, -0.53%, -0.11%
09/09/2014, 2.49%, -0.74%, -0.21%
09/10/2014, 2.32%, -0.9%, -0.16%
09/11/2014, 2.24%, -0.98%, -0.09%
09/12/2014, 2.02%, -1.18%, -0.21%
09/15/2014, 2.1%, -1.11%, 0.08%
09/16/2014, 2.04%, -1.17%, -0.06%
09/17/2014, 1.96%, -1.25%, -0.09%
09/18/2014, 1.98%, -1.23%, 0.02%
09/19/2014, 2.15%, -1.06%, 0.17%
09/22/2014, 2.19%, -1.02%, 0.04%
09/23/2014, 2.31%, -0.9%, 0.12%
09/24/2014, 2.17%, -1.04%, -0.14%
09/25/2014, 2.36%, -0.86%, 0.19%
09/26/2014, 2.22%, -0.99%, -0.14%
09/29/2014, 2.29%, -0.92%, 0.07%
09/30/2014, 2.18%, -1.03%, -0.11%
10/01/2014, 2.65%, 0.46%, 0.46%
10/02/2014, 2.47%, 0.28%, -0.18%
10/03/2014, 2.51%, 0.33%, 0.05%
10/06/2014, 2.6%, 0.41%, 0.09%
10/07/2014, 2.89%, 0.69%, 0.28%
10/08/2014, 3.06%, 0.86%, 0.17%
10/09/2014, 2.86%, 0.67%, -0.19%
10/10/2014, 2.97%, 0.78%, 0.11%
10/13/2014, 3.08%, 0.89%, 0.11%
10/14/2014, 3.28%, 1.08%, 0.19%
10/15/2014, 3.43%, 1.23%, 0.14%
10/16/2014, 3.25%, 1.06%, -0.17%
10/17/2014, 3.22%, 1.02%, -0.03%
10/20/2014, 3.35%, 1.15%, 0.13%
10/21/2014, 3.36%, 1.15%, 0%
10/22/2014, 3.23%, 1.03%, -0.13%
10/23/2014, 3.11%, 0.91%, -0.12%
10/24/2014, 3.14%, 0.94%, 0.03%
10/27/2014, 3.13%, 0.93%, -0.01%
10/28/2014, 3.11%, 0.91%, -0.02%
10/29/2014, 2.91%, 0.72%, -0.19%
10/30/2014, 3.04%, 0.84%, 0.12%
10/31/2014, 3.01%, 0.81%, -0.02%
11/03/2014, 2.91%, -0.1%, -0.1%
11/04/2014, 2.89%, -0.12%, -0.02%
11/05/2014, 2.92%, -0.09%, 0.02%
11/06/2014, 2.75%, -0.26%, -0.16%
11/07/2014, 3.02%, 0.01%, 0.27%
11/10/2014, 2.86%, -0.15%, -0.16%
11/11/2014, 2.78%, -0.23%, -0.08%
11/12/2014, 2.78%, -0.23%, -0%
11/13/2014, 2.86%, -0.15%, 0.09%
11/14/2014, 2.96%, -0.05%, 0.09%
11/17/2014, 2.86%, -0.15%, -0.09%
11/18/2014, 2.99%, -0.03%, 0.12%
11/19/2014, 2.79%, -0.22%, -0.19%
11/20/2014, 2.89%, -0.12%, 0.1%
11/21/2014, 3.11%, 0.09%, 0.21%
11/24/2014, 3.13%, 0.11%, 0.02%
11/25/2014, 3.3%, 0.28%, 0.17%
11/26/2014, 3.41%, 0.38%, 0.1%
11/28/2014, 3.56%, 0.53%, 0.15%
12/01/2014, 3.43%, -0.13%, -0.13%
12/02/2014, 3.19%, -0.36%, -0.23%
12/03/2014, 3.21%, -0.34%, 0.02%
12/04/2014, 3.29%, -0.26%, 0.08%
12/05/2014, 3.04%, -0.51%, -0.25%
12/08/2014, 3.17%, -0.38%, 0.13%
12/09/2014, 3.26%, -0.29%, 0.09%
12/10/2014, 3.36%, -0.2%, 0.09%
12/11/2014, 3.28%, -0.27%, -0.07%
12/12/2014, 3.56%, 0%, 0.27%
12/15/2014, 3.34%, -0.21%, -0.22%
12/16/2014, 3.49%, -0.06%, 0.15%
12/17/2014, 3.32%, -0.23%, -0.16%
12/18/2014, 3.17%, -0.39%, -0.15%
12/19/2014, 3.34%, -0.22%, 0.16%
12/22/2014, 3.18%, -0.38%, -0.15%
12/23/2014, 2.73%, -0.81%, -0.43%
12/24/2014, 2.74%, -0.8%, 0%
12/26/2014, 2.85%, -0.7%, 0.11%
12/29/2014, 3.03%, -0.52%, 0.18%
12/30/2014, 3.09%, -0.46%, 0.06%
12/31/2014, 3.14%, -0.41%, 0.05%
