Date, YTD, MTD, Day
01/03/2011, 0.37%, 0.37%, 0.37%
01/04/2011, 0.3%, 0.3%, -0.07%
01/05/2011, 0.19%, 0.19%, -0.11%
01/06/2011, 0.22%, 0.22%, 0.04%
01/07/2011, 0.39%, 0.39%, 0.16%
01/10/2011, 0.43%, 0.43%, 0.04%
01/11/2011, 0.47%, 0.47%, 0.04%
01/12/2011, 0.78%, 0.78%, 0.31%
01/13/2011, 0.89%, 0.89%, 0.11%
01/14/2011, 1.12%, 1.12%, 0.23%
01/18/2011, 1.14%, 1.14%, 0.02%
01/19/2011, 0.7%, 0.7%, -0.42%
01/20/2011, 0.36%, 0.36%, -0.34%
01/21/2011, 0.47%, 0.47%, 0.11%
01/24/2011, 0.72%, 0.72%, 0.25%
01/25/2011, 0.91%, 0.91%, 0.18%
01/26/2011, 0.99%, 0.99%, 0.08%
01/27/2011, 1.22%, 1.22%, 0.22%
01/28/2011, 0.57%, 0.57%, -0.62%
01/31/2011, 0.76%, 0.76%, 0.19%
02/01/2011, 1.29%, 0.51%, 0.51%
02/02/2011, 1.13%, 0.36%, -0.15%
02/03/2011, 1.07%, 0.3%, -0.06%
02/04/2011, 0.96%, 0.18%, -0.12%
02/07/2011, 1.24%, 0.45%, 0.27%
02/08/2011, 1.22%, 0.43%, -0.04%
02/09/2011, 1.26%, 0.47%, 0.05%
02/10/2011, 1.15%, 0.36%, -0.11%
02/11/2011, 1.6%, 0.81%, 0.44%
02/14/2011, 1.79%, 0.99%, 0.18%
02/15/2011, 1.68%, 0.88%, -0.1%
02/16/2011, 1.98%, 1.18%, 0.29%
02/17/2011, 2.25%, 1.44%, 0.26%
02/18/2011, 2.31%, 1.51%, 0.06%
02/22/2011, 1.61%, 0.83%, -0.63%
02/23/2011, 1.28%, 0.5%, -0.31%
02/24/2011, 1.34%, 0.56%, 0.06%
02/25/2011, 1.93%, 1.14%, 0.57%
02/28/2011, 2.19%, 1.39%, 0.25%
03/01/2011, 1.56%, -0.59%, -0.59%
03/02/2011, 1.48%, -0.68%, -0.09%
03/03/2011, 2%, -0.2%, 0.49%
03/04/2011, 1.93%, -0.25%, -0.05%
03/07/2011, 1.48%, -0.67%, -0.43%
03/08/2011, 1.76%, -0.42%, 0.26%
03/09/2011, 1.86%, -0.32%, 0.1%
03/10/2011, 1.32%, -0.81%, -0.5%
03/11/2011, 1.55%, -0.59%, 0.23%
03/14/2011, 1.37%, -0.76%, -0.17%
03/15/2011, 0.98%, -1.13%, -0.37%
03/16/2011, 0.49%, -1.58%, -0.48%
03/17/2011, 0.84%, -1.25%, 0.35%
03/18/2011, 1.04%, -1.06%, 0.2%
03/21/2011, 1.52%, -0.62%, 0.46%
03/22/2011, 1.31%, -0.82%, -0.2%
03/23/2011, 1.43%, -0.71%, 0.11%
03/24/2011, 1.53%, -0.62%, 0.09%
03/25/2011, 1.58%, -0.58%, 0.04%
03/28/2011, 1.47%, -0.69%, -0.11%
03/29/2011, 1.67%, -0.5%, 0.19%
03/30/2011, 2.11%, -0.08%, 0.43%
03/31/2011, 2.03%, -0.16%, -0.08%
04/01/2011, 2.25%, 0.2%, 0.2%
04/04/2011, 2.4%, 0.35%, 0.15%
04/05/2011, 2.25%, 0.21%, -0.15%
04/06/2011, 2.21%, 0.16%, -0.04%
04/07/2011, 2.13%, 0.08%, -0.08%
04/08/2011, 1.87%, -0.17%, -0.25%
04/11/2011, 1.71%, -0.31%, -0.14%
04/12/2011, 1.59%, -0.42%, -0.11%
04/13/2011, 1.68%, -0.33%, 0.09%
04/14/2011, 1.65%, -0.36%, -0.03%
04/15/2011, 2.08%, 0.06%, 0.42%
04/18/2011, 1.7%, -0.29%, -0.36%
04/19/2011, 1.97%, -0.03%, 0.26%
04/20/2011, 2.46%, 0.43%, 0.47%
04/21/2011, 2.71%, 0.66%, 0.23%
04/25/2011, 2.76%, 0.71%, 0.05%
04/26/2011, 3.26%, 1.19%, 0.48%
04/27/2011, 3.48%, 1.4%, 0.2%
04/28/2011, 3.75%, 1.66%, 0.25%
04/29/2011, 3.92%, 1.82%, 0.16%
05/02/2011, 3.79%, -0.12%, -0.12%
05/03/2011, 3.69%, -0.2%, -0.09%
05/04/2011, 3.43%, -0.43%, -0.24%
05/05/2011, 3.26%, -0.58%, -0.15%
05/06/2011, 3.44%, -0.42%, 0.17%
05/09/2011, 3.68%, -0.2%, 0.22%
05/10/2011, 3.89%, -0.02%, 0.19%
05/11/2011, 3.52%, -0.35%, -0.33%
05/12/2011, 3.68%, -0.2%, 0.14%
05/13/2011, 3.41%, -0.44%, -0.24%
05/16/2011, 3.16%, -0.66%, -0.23%
05/17/2011, 3.24%, -0.58%, 0.08%
05/18/2011, 3.5%, -0.36%, 0.24%
05/19/2011, 3.59%, -0.28%, 0.08%
05/20/2011, 3.33%, -0.51%, -0.24%
05/23/2011, 2.84%, -0.95%, -0.46%
05/24/2011, 2.79%, -1%, -0.05%
05/25/2011, 2.98%, -0.83%, 0.18%
05/26/2011, 3.38%, -0.45%, 0.38%
05/27/2011, 3.52%, -0.32%, 0.14%
05/31/2011, 4.04%, 0.16%, 0.48%
06/01/2011, 3.26%, -0.71%, -0.71%
06/02/2011, 2.98%, -0.98%, -0.27%
06/03/2011, 2.67%, -1.26%, -0.3%
06/06/2011, 2.12%, -1.78%, -0.53%
06/07/2011, 2.23%, -1.67%, 0.11%
06/08/2011, 2.07%, -1.81%, -0.15%
06/09/2011, 2.19%, -1.71%, 0.12%
06/10/2011, 1.65%, -2.2%, -0.52%
06/13/2011, 1.6%, -2.26%, -0.06%
06/14/2011, 1.87%, -2.02%, 0.27%
06/15/2011, 1.44%, -2.4%, -0.41%
06/16/2011, 1.55%, -2.3%, 0.11%
06/17/2011, 1.6%, -2.26%, 0.04%
06/20/2011, 1.82%, -2.05%, 0.22%
06/21/2011, 2.39%, -1.53%, 0.55%
06/22/2011, 2.19%, -1.71%, -0.19%
06/23/2011, 2.05%, -1.83%, -0.13%
06/24/2011, 1.66%, -2.19%, -0.38%
06/27/2011, 1.84%, -2.04%, 0.17%
06/28/2011, 2.12%, -1.79%, 0.28%
06/29/2011, 2.34%, -1.59%, 0.21%
06/30/2011, 2.69%, -1.27%, 0.33%
07/01/2011, 3.27%, 0.54%, 0.54%
07/05/2011, 3.41%, 0.69%, 0.14%
07/06/2011, 3.54%, 0.82%, 0.13%
07/07/2011, 3.9%, 1.15%, 0.33%
07/08/2011, 3.89%, 1.15%, 0.01%
07/11/2011, 3.29%, 0.6%, -0.54%
07/12/2011, 3.1%, 0.42%, -0.18%
07/13/2011, 3.32%, 0.63%, 0.21%
07/14/2011, 2.81%, 0.14%, -0.49%
07/15/2011, 3.12%, 0.43%, 0.3%
07/18/2011, 2.66%, -0.01%, -0.44%
07/19/2011, 3.5%, 0.79%, 0.8%
07/20/2011, 3.36%, 0.65%, -0.14%
07/21/2011, 3.78%, 1.05%, 0.39%
07/22/2011, 3.95%, 1.22%, 0.17%
07/25/2011, 3.56%, 0.84%, -0.37%
07/26/2011, 3.5%, 0.79%, -0.05%
07/27/2011, 2.45%, -0.22%, -0.99%
07/28/2011, 2.43%, -0.22%, -0.01%
07/29/2011, 2.54%, -0.1%, 0.11%
08/01/2011, 2.52%, -0.02%, -0.02%
08/02/2011, 1.77%, -0.74%, -0.73%
08/03/2011, 2%, -0.52%, 0.23%
08/04/2011, 0.36%, -2.11%, -1.65%
08/05/2011, -0.23%, -2.69%, -0.58%
08/08/2011, -2.62%, -5.01%, -2.54%
08/09/2011, -0.67%, -3.11%, 2.19%
08/10/2011, -1.84%, -4.24%, -1.31%
08/11/2011, -0.78%, -3.22%, 1.3%
08/12/2011, -0.35%, -2.8%, 0.44%
08/15/2011, 0.4%, -2.08%, 0.81%
08/16/2011, 0.15%, -2.31%, -0.27%
08/17/2011, 0.33%, -2.14%, 0.18%
08/18/2011, -1.33%, -3.75%, -1.76%
08/19/2011, -1.96%, -4.35%, -0.69%
08/22/2011, -2.01%, -4.41%, -0.05%
08/23/2011, -0.96%, -3.39%, 1.22%
08/24/2011, -0.87%, -3.31%, 0.14%
08/25/2011, -1.4%, -3.81%, -0.57%
08/26/2011, -0.64%, -3.08%, 0.81%
08/29/2011, 0.35%, -2.12%, 1.07%
08/30/2011, 0.69%, -1.79%, 0.34%
08/31/2011, 0.8%, -1.69%, 0.12%
09/01/2011, 0.52%, -0.3%, -0.3%
09/02/2011, -0.21%, -1.08%, -0.79%
09/06/2011, -0.41%, -1.28%, -0.22%
09/07/2011, 0.5%, -0.33%, 1.02%
09/08/2011, 0.18%, -0.66%, -0.34%
09/09/2011, -0.73%, -1.61%, -0.98%
09/12/2011, -0.59%, -1.46%, 0.17%
09/13/2011, -0.3%, -1.15%, 0.33%
09/14/2011, 0.24%, -0.6%, 0.57%
09/15/2011, 0.69%, -0.12%, 0.49%
09/16/2011, 0.93%, 0.13%, 0.25%
09/19/2011, 0.75%, -0.07%, -0.2%
09/20/2011, 0.6%, -0.23%, -0.16%
09/21/2011, -0.32%, -1.2%, -0.99%
09/22/2011, -1.49%, -2.42%, -1.29%
09/23/2011, -1.52%, -2.43%, 0.02%
09/26/2011, -0.95%, -1.83%, 0.67%
09/27/2011, -0.73%, -1.59%, 0.27%
09/28/2011, -1.59%, -2.48%, -0.93%
09/29/2011, -1.29%, -2.16%, 0.34%
09/30/2011, -2%, -2.91%, -0.81%
10/03/2011, -2.91%, -1.06%, -1.06%
10/04/2011, -2.22%, -0.24%, 0.86%
10/05/2011, -1.67%, 0.39%, 0.64%
10/06/2011, -1.24%, 0.92%, 0.52%
10/07/2011, -1.72%, 0.39%, -0.51%
10/10/2011, -0.68%, 1.6%, 1.17%
10/11/2011, -0.59%, 1.7%, 0.1%
10/12/2011, -0.24%, 2.1%, 0.38%
10/13/2011, -0.22%, 2.11%, 0.02%
10/14/2011, 0.34%, 2.76%, 0.6%
10/17/2011, -0.24%, 2.06%, -0.62%
10/18/2011, 0.51%, 2.92%, 0.8%
10/19/2011, 0.05%, 2.39%, -0.48%
10/20/2011, 0.16%, 2.52%, 0.12%
10/21/2011, 0.85%, 3.31%, 0.73%
10/24/2011, 1.48%, 4.02%, 0.65%
10/25/2011, 0.97%, 3.39%, -0.53%
10/26/2011, 1.25%, 3.73%, 0.29%
10/27/2011, 2.37%, 5.04%, 1.16%
10/28/2011, 2.6%, 5.25%, 0.22%
10/31/2011, 2.05%, 4.56%, -0.55%
11/01/2011, 1.25%, -0.82%, -0.82%
11/02/2011, 1.79%, -0.27%, 0.58%
11/03/2011, 2.4%, 0.35%, 0.63%
11/04/2011, 2.25%, 0.2%, -0.15%
11/07/2011, 2.5%, 0.44%, 0.25%
11/08/2011, 2.75%, 0.71%, 0.26%
11/09/2011, 1.39%, -0.67%, -1.35%
11/10/2011, 1.55%, -0.5%, 0.18%
11/11/2011, 2.22%, 0.18%, 0.69%
11/14/2011, 1.95%, -0.09%, -0.27%
11/15/2011, 2.12%, 0.08%, 0.18%
11/16/2011, 1.59%, -0.46%, -0.54%
11/17/2011, 0.92%, -1.14%, -0.68%
11/18/2011, 0.79%, -1.26%, -0.12%
11/21/2011, 0.13%, -1.93%, -0.7%
11/22/2011, 0.01%, -2.06%, -0.13%
11/23/2011, -0.8%, -2.87%, -0.86%
11/25/2011, -1.15%, -3.22%, -0.36%
11/28/2011, 0.05%, -2.01%, 1.3%
11/29/2011, 0.01%, -2.04%, -0.03%
11/30/2011, 1.59%, -0.44%, 1.68%
12/01/2011, 1.44%, -0.16%, -0.16%
12/02/2011, 1.69%, 0.09%, 0.24%
12/05/2011, 2.12%, 0.52%, 0.44%
12/06/2011, 2.07%, 0.48%, -0.04%
12/07/2011, 2.25%, 0.65%, 0.17%
12/08/2011, 1.48%, -0.13%, -0.78%
12/09/2011, 1.96%, 0.37%, 0.51%
12/12/2011, 1.48%, -0.13%, -0.49%
12/13/2011, 1.19%, -0.43%, -0.3%
12/14/2011, 0.89%, -0.74%, -0.32%
12/15/2011, 1%, -0.63%, 0.12%
12/16/2011, 1.27%, -0.35%, 0.28%
12/19/2011, 0.89%, -0.74%, -0.4%
12/20/2011, 1.59%, -0.03%, 0.75%
12/21/2011, 1.49%, -0.11%, -0.09%
12/22/2011, 1.59%, 0%, 0.12%
12/23/2011, 1.77%, 0.18%, 0.18%
12/27/2011, 1.85%, 0.26%, 0.08%
12/28/2011, 1.53%, -0.07%, -0.33%
12/29/2011, 2.03%, 0.43%, 0.51%
12/30/2011, 1.92%, 0.32%, -0.11%
