Date, YTD, MTD, Day
01/02/2019, -0.01%, -0.01%, -0.01%
01/03/2019, -0.57%, -0.57%, -0.57%
01/04/2019, 0.81%, 0.81%, 1.41%
01/07/2019, 1.06%, 1.06%, 0.25%
01/08/2019, 1.39%, 1.39%, 0.32%
01/09/2019, 1.92%, 1.92%, 0.52%
01/10/2019, 2.09%, 2.09%, 0.16%
01/11/2019, 2.06%, 2.06%, -0.03%
01/14/2019, 1.78%, 1.78%, -0.27%
01/15/2019, 2.17%, 2.17%, 0.37%
01/16/2019, 2.31%, 2.31%, 0.14%
01/17/2019, 2.61%, 2.61%, 0.28%
01/18/2019, 3.09%, 3.09%, 0.45%
01/22/2019, 2.48%, 2.48%, -0.57%
01/23/2019, 2.65%, 2.65%, 0.17%
01/24/2019, 2.88%, 2.88%, 0.22%
01/25/2019, 3.4%, 3.4%, 0.48%
01/28/2019, 3.04%, 3.04%, -0.33%
01/29/2019, 3.19%, 3.19%, 0.14%
01/30/2019, 3.93%, 3.93%, 0.7%
01/31/2019, 4.44%, 4.44%, 0.49%
02/01/2019, 4.29%, -0.16%, -0.16%
02/04/2019, 4.5%, 0.04%, 0.19%
02/05/2019, 4.94%, 0.45%, 0.41%
02/06/2019, 4.74%, 0.27%, -0.18%
02/07/2019, 4.27%, -0.16%, -0.42%
02/08/2019, 4.22%, -0.21%, -0.05%
02/11/2019, 4.18%, -0.25%, -0.04%
02/12/2019, 4.78%, 0.3%, 0.55%
02/13/2019, 4.74%, 0.27%, -0.04%
02/14/2019, 4.8%, 0.32%, 0.06%
02/15/2019, 5.39%, 0.87%, 0.55%
02/19/2019, 5.62%, 1.08%, 0.21%
02/20/2019, 5.78%, 1.23%, 0.14%
02/21/2019, 5.51%, 0.97%, -0.25%
02/22/2019, 5.96%, 1.4%, 0.42%
02/25/2019, 6.05%, 1.48%, 0.07%
02/26/2019, 6.19%, 1.62%, 0.14%
02/27/2019, 5.96%, 1.39%, -0.22%
02/28/2019, 5.71%, 1.16%, -0.23%
03/01/2019, 5.86%, 0.12%, 0.12%
03/04/2019, 5.79%, 0.07%, -0.05%
03/05/2019, 5.84%, 0.12%, 0.05%
03/06/2019, 5.57%, -0.12%, -0.23%
03/07/2019, 5.18%, -0.46%, -0.34%
03/08/2019, 5.01%, -0.61%, -0.16%
03/11/2019, 5.7%, 0.01%, 0.63%
03/12/2019, 5.95%, 0.25%, 0.24%
03/13/2019, 6.3%, 0.55%, 0.31%
03/14/2019, 6.11%, 0.38%, -0.18%
03/15/2019, 6.59%, 0.82%, 0.44%
03/18/2019, 6.9%, 1.1%, 0.28%
03/19/2019, 6.9%, 1.1%, 0%
03/20/2019, 7%, 1.21%, 0.11%
03/21/2019, 7.32%, 1.5%, 0.28%
03/22/2019, 6.22%, 0.53%, -0.94%
03/25/2019, 6.27%, 0.58%, 0.05%
03/26/2019, 6.65%, 0.92%, 0.34%
03/27/2019, 6.54%, 0.84%, -0.09%
03/28/2019, 6.65%, 0.93%, 0.1%
03/29/2019, 6.93%, 1.18%, 0.25%
04/01/2019, 7.4%, 0.41%, 0.41%
04/02/2019, 7.47%, 0.47%, 0.06%
04/03/2019, 7.65%, 0.63%, 0.16%
04/04/2019, 7.7%, 0.67%, 0.04%
04/05/2019, 7.96%, 0.9%, 0.23%
04/08/2019, 7.99%, 0.93%, 0.02%
04/09/2019, 7.74%, 0.71%, -0.22%
04/10/2019, 8.07%, 1.01%, 0.3%
04/11/2019, 7.87%, 0.82%, -0.19%
04/12/2019, 8.12%, 1.04%, 0.21%
04/15/2019, 8.17%, 1.09%, 0.05%
04/16/2019, 8.13%, 1.05%, -0.04%
04/17/2019, 8.08%, 1%, -0.04%
04/18/2019, 8.19%, 1.11%, 0.1%
04/22/2019, 8.07%, 0.99%, -0.11%
04/23/2019, 8.47%, 1.35%, 0.35%
04/24/2019, 8.26%, 1.17%, -0.17%
04/25/2019, 8.18%, 1.09%, -0.07%
04/26/2019, 8.56%, 1.44%, 0.34%
04/29/2019, 8.58%, 1.46%, 0.01%
04/30/2019, 8.72%, 1.59%, 0.13%
05/01/2019, 8.35%, -0.33%, -0.33%
05/02/2019, 8.17%, -0.49%, -0.17%
05/03/2019, 8.76%, 0.03%, 0.53%
05/06/2019, 8.38%, -0.3%, -0.33%
05/07/2019, 7.59%, -0.97%, -0.68%
05/08/2019, 7.41%, -1.14%, -0.17%
05/09/2019, 7.18%, -1.33%, -0.2%
05/10/2019, 7.38%, -1.16%, 0.17%
05/13/2019, 6.23%, -2.14%, -1.01%
05/14/2019, 6.65%, -1.78%, 0.38%
05/15/2019, 7.02%, -1.45%, 0.34%
05/16/2019, 7.34%, -1.19%, 0.28%
05/17/2019, 6.92%, -1.55%, -0.38%
05/20/2019, 6.57%, -1.85%, -0.31%
05/21/2019, 6.95%, -1.53%, 0.34%
05/22/2019, 6.86%, -1.6%, -0.07%
05/23/2019, 6.4%, -1.97%, -0.4%
05/24/2019, 6.64%, -1.77%, 0.21%
05/28/2019, 6.39%, -1.97%, -0.21%
05/29/2019, 6.04%, -2.28%, -0.32%
05/30/2019, 6.31%, -2.03%, 0.26%
05/31/2019, 6.08%, -2.19%, -0.19%
06/03/2019, 6.36%, 0.26%, 0.26%
06/04/2019, 7.06%, 0.9%, 0.63%
06/05/2019, 7.24%, 1.06%, 0.16%
06/06/2019, 7.42%, 1.22%, 0.15%
06/07/2019, 8.12%, 1.88%, 0.64%
06/10/2019, 8.23%, 1.97%, 0.08%
06/11/2019, 8.37%, 2.1%, 0.13%
06/12/2019, 8.23%, 1.98%, -0.12%
06/13/2019, 8.44%, 2.17%, 0.19%
06/14/2019, 8.06%, 1.82%, -0.34%
06/17/2019, 8.06%, 1.81%, -0.01%
06/18/2019, 8.83%, 2.53%, 0.7%
06/19/2019, 9.28%, 2.95%, 0.41%
06/20/2019, 9.64%, 3.28%, 0.32%
06/21/2019, 9.36%, 3.02%, -0.25%
06/24/2019, 9.41%, 3.08%, 0.06%
06/25/2019, 9.01%, 2.71%, -0.35%
06/26/2019, 8.86%, 2.57%, -0.14%
06/27/2019, 9.31%, 2.99%, 0.41%
06/28/2019, 9.61%, 3.27%, 0.26%
07/01/2019, 9.96%, 0.3%, 0.3%
07/02/2019, 10.23%, 0.54%, 0.24%
07/03/2019, 10.67%, 0.94%, 0.39%
07/05/2019, 10.24%, 0.54%, -0.4%
07/08/2019, 9.83%, 0.17%, -0.36%
07/09/2019, 9.74%, 0.09%, -0.08%
07/10/2019, 10.02%, 0.34%, 0.24%
07/11/2019, 9.9%, 0.21%, -0.13%
07/12/2019, 10.14%, 0.43%, 0.21%
07/15/2019, 10.22%, 0.5%, 0.07%
07/16/2019, 9.99%, 0.3%, -0.2%
07/17/2019, 9.88%, 0.22%, -0.07%
07/18/2019, 10.12%, 0.43%, 0.21%
07/19/2019, 9.87%, 0.21%, -0.21%
07/22/2019, 9.97%, 0.3%, 0.09%
07/23/2019, 10.23%, 0.52%, 0.22%
07/24/2019, 10.5%, 0.76%, 0.23%
07/25/2019, 10.06%, 0.37%, -0.38%
07/26/2019, 10.33%, 0.6%, 0.22%
07/29/2019, 10.22%, 0.51%, -0.09%
07/30/2019, 10.04%, 0.35%, -0.16%
07/31/2019, 9.5%, -0.12%, -0.46%
08/01/2019, 9.49%, 0.02%, 0.02%
08/02/2019, 9.02%, -0.39%, -0.41%
08/05/2019, 7.74%, -1.47%, -1.11%
08/06/2019, 8.33%, -0.97%, 0.53%
08/07/2019, 8.44%, -0.86%, 0.11%
08/08/2019, 9.33%, -0.09%, 0.79%
08/09/2019, 8.8%, -0.56%, -0.47%
08/12/2019, 8.48%, -0.82%, -0.27%
08/13/2019, 8.93%, -0.45%, 0.39%
08/14/2019, 7.74%, -1.46%, -1.04%
08/15/2019, 8.05%, -1.17%, 0.29%
08/16/2019, 8.72%, -0.59%, 0.62%
08/19/2019, 9.02%, -0.35%, 0.26%
08/20/2019, 8.89%, -0.45%, -0.11%
08/21/2019, 9.23%, -0.16%, 0.31%
08/22/2019, 9.03%, -0.34%, -0.18%
08/23/2019, 8.23%, -1.01%, -0.69%
08/26/2019, 8.56%, -0.73%, 0.29%
08/27/2019, 8.67%, -0.62%, 0.11%
08/28/2019, 8.93%, -0.39%, 0.23%
08/29/2019, 9.4%, 0%, 0.42%
08/30/2019, 9.6%, 0.19%, 0.19%
09/03/2019, 9.34%, -0.23%, -0.23%
09/04/2019, 10.06%, 0.42%, 0.66%
09/05/2019, 10.38%, 0.69%, 0.27%
09/06/2019, 10.52%, 0.82%, 0.13%
09/09/2019, 10.35%, 0.66%, -0.16%
09/10/2019, 10.12%, 0.44%, -0.22%
09/11/2019, 10.58%, 0.86%, 0.41%
09/12/2019, 10.68%, 0.94%, 0.08%
09/13/2019, 10.33%, 0.62%, -0.32%
09/16/2019, 10.26%, 0.56%, -0.05%
09/17/2019, 10.5%, 0.78%, 0.22%
09/18/2019, 10.46%, 0.75%, -0.04%
09/19/2019, 10.56%, 0.84%, 0.09%
09/20/2019, 10.62%, 0.9%, 0.07%
09/23/2019, 10.4%, 0.7%, -0.19%
09/24/2019, 10.19%, 0.53%, -0.17%
09/25/2019, 10.07%, 0.4%, -0.13%
09/26/2019, 10.12%, 0.45%, 0.05%
09/27/2019, 9.88%, 0.25%, -0.2%
09/30/2019, 10.11%, 0.44%, 0.2%
10/01/2019, 9.61%, -0.42%, -0.42%
10/02/2019, 8.76%, -1.17%, -0.75%
10/03/2019, 9.32%, -0.67%, 0.51%
10/04/2019, 9.97%, -0.09%, 0.58%
10/07/2019, 9.63%, -0.4%, -0.31%
10/08/2019, 9.04%, -0.91%, -0.52%
10/09/2019, 9.33%, -0.66%, 0.26%
10/10/2019, 9.49%, -0.54%, 0.13%
10/11/2019, 10.07%, -0.03%, 0.52%
10/14/2019, 10.02%, -0.08%, -0.05%
10/15/2019, 10.47%, 0.31%, 0.39%
10/16/2019, 10.5%, 0.35%, 0.04%
10/17/2019, 10.65%, 0.47%, 0.13%
10/18/2019, 10.54%, 0.38%, -0.09%
10/21/2019, 10.81%, 0.62%, 0.23%
10/22/2019, 10.75%, 0.57%, -0.05%
10/23/2019, 10.89%, 0.69%, 0.13%
10/24/2019, 11.02%, 0.81%, 0.11%
10/25/2019, 11.14%, 0.91%, 0.1%
10/28/2019, 11.31%, 1.05%, 0.13%
10/29/2019, 11.3%, 1.04%, -0.01%
10/30/2019, 11.67%, 1.38%, 0.34%
10/31/2019, 11.67%, 1.38%, 0.01%
11/01/2019, 12.2%, 0.45%, 0.45%
11/04/2019, 12.33%, 0.56%, 0.1%
11/05/2019, 12.13%, 0.37%, -0.19%
11/06/2019, 12.21%, 0.45%, 0.08%
11/07/2019, 12.2%, 0.41%, -0.04%
11/08/2019, 12.13%, 0.35%, -0.06%
11/11/2019, 12%, 0.24%, -0.11%
11/12/2019, 12.11%, 0.33%, 0.09%
11/13/2019, 12.1%, 0.33%, 0%
11/14/2019, 12.21%, 0.43%, 0.1%
11/15/2019, 12.6%, 0.76%, 0.33%
11/18/2019, 12.73%, 0.88%, 0.12%
11/19/2019, 12.79%, 0.94%, 0.06%
11/20/2019, 12.63%, 0.81%, -0.12%
11/21/2019, 12.44%, 0.64%, -0.17%
11/22/2019, 12.55%, 0.73%, 0.09%
11/25/2019, 13.05%, 1.16%, 0.42%
11/26/2019, 13.21%, 1.3%, 0.13%
11/27/2019, 13.34%, 1.4%, 0.1%
11/29/2019, 12.98%, 1.09%, -0.3%
12/02/2019, 12.43%, -0.47%, -0.47%
12/03/2019, 12.43%, -0.44%, 0.03%
12/04/2019, 12.73%, -0.19%, 0.25%
12/05/2019, 12.72%, -0.21%, -0.02%
12/06/2019, 13.17%, 0.16%, 0.37%
12/09/2019, 12.99%, 0.01%, -0.15%
12/10/2019, 12.96%, -0.02%, -0.03%
12/11/2019, 13.32%, 0.3%, 0.31%
12/12/2019, 13.54%, 0.45%, 0.15%
12/13/2019, 13.95%, 0.83%, 0.38%
12/16/2019, 14.31%, 1.11%, 0.27%
12/17/2019, 14.35%, 1.15%, 0.03%
12/18/2019, 14.23%, 1.04%, -0.11%
12/19/2019, 14.45%, 1.22%, 0.18%
12/20/2019, 14.3%, 1.08%, -0.14%
12/23/2019, 14.14%, 0.95%, -0.13%
12/24/2019, 14.19%, 1%, 0.05%
12/26/2019, 14.5%, 1.26%, 0.26%
12/27/2019, 14.64%, 1.39%, 0.12%
12/30/2019, 14.33%, 1.13%, -0.25%
12/31/2019, 14.39%, 1.17%, 0.04%
