Date, YTD, MTD, Day
01/04/2021, -0.39%, -0.39%, -0.39%
01/05/2021, -0.24%, -0.24%, 0.15%
01/06/2021, -0.37%, -0.37%, -0.13%
01/07/2021, -0.09%, -0.09%, 0.28%
01/08/2021, 0.02%, 0.02%, 0.1%
01/11/2021, -0.28%, -0.28%, -0.3%
01/12/2021, -0.18%, -0.18%, 0.1%
01/13/2021, 0.09%, 0.09%, 0.27%
01/14/2021, -0.04%, -0.04%, -0.13%
01/15/2021, -0.18%, -0.18%, -0.13%
01/19/2021, 0.15%, 0.15%, 0.33%
01/20/2021, 0.53%, 0.53%, 0.37%
01/21/2021, 0.38%, 0.38%, -0.15%
01/22/2021, 0.32%, 0.32%, -0.06%
01/25/2021, 0.58%, 0.58%, 0.26%
01/26/2021, 0.48%, 0.48%, -0.09%
01/27/2021, -0.3%, -0.3%, -0.76%
01/28/2021, -0.07%, -0.07%, 0.23%
01/29/2021, -0.75%, -0.75%, -0.68%
02/01/2021, -0.18%, 0.58%, 0.58%
02/02/2021, 0.13%, 0.89%, 0.3%
02/03/2021, 0.06%, 0.82%, -0.07%
02/04/2021, 0.4%, 1.15%, 0.33%
02/05/2021, 0.46%, 1.21%, 0.05%
02/08/2021, 0.74%, 1.5%, 0.27%
02/09/2021, 0.83%, 1.58%, 0.08%
02/10/2021, 0.93%, 1.69%, 0.11%
02/11/2021, 0.96%, 1.72%, 0.02%
02/12/2021, 0.87%, 1.63%, -0.1%
02/16/2021, 0.55%, 1.31%, -0.32%
02/17/2021, 0.61%, 1.37%, 0.06%
02/18/2021, 0.42%, 1.17%, -0.18%
02/19/2021, 0.24%, 0.99%, -0.19%
02/22/2021, -0.24%, 0.51%, -0.46%
02/23/2021, -0.3%, 0.45%, -0.06%
02/24/2021, -0.09%, 0.66%, 0.19%
02/25/2021, -1.37%, -0.63%, -1.25%
02/26/2021, -0.97%, -0.23%, 0.43%
03/01/2021, -0.34%, 0.61%, 0.61%
03/02/2021, -0.56%, 0.4%, -0.21%
03/03/2021, -1.16%, -0.19%, -0.58%
03/04/2021, -1.89%, -0.92%, -0.73%
03/05/2021, -1.41%, -0.46%, 0.47%
03/08/2021, -1.84%, -0.89%, -0.43%
03/09/2021, -1.17%, -0.22%, 0.67%
03/10/2021, -0.91%, 0.03%, 0.26%
03/11/2021, -0.49%, 0.44%, 0.4%
03/12/2021, -0.81%, 0.11%, -0.33%
03/15/2021, -0.54%, 0.38%, 0.26%
03/16/2021, -0.7%, 0.21%, -0.16%
03/17/2021, -0.65%, 0.26%, 0.04%
03/18/2021, -1.43%, -0.51%, -0.75%
03/19/2021, -1.34%, -0.42%, 0.09%
03/22/2021, -0.99%, -0.07%, 0.35%
03/23/2021, -1.18%, -0.24%, -0.16%
03/24/2021, -1.48%, -0.54%, -0.29%
03/25/2021, -1.34%, -0.4%, 0.14%
03/26/2021, -0.95%, -0.03%, 0.36%
03/29/2021, -1.21%, -0.29%, -0.26%
03/30/2021, -1.23%, -0.3%, -0.01%
03/31/2021, -1.14%, -0.22%, 0.08%
04/01/2021, -0.43%, 0.7%, 0.7%
04/05/2021, -0.16%, 0.94%, 0.24%
04/06/2021, 0.01%, 1.12%, 0.18%
04/07/2021, -0.07%, 1.03%, -0.09%
04/08/2021, 0.23%, 1.34%, 0.3%
04/09/2021, 0.36%, 1.45%, 0.11%
04/12/2021, 0.28%, 1.37%, -0.08%
04/13/2021, 0.58%, 1.67%, 0.3%
04/14/2021, 0.43%, 1.53%, -0.14%
04/15/2021, 1.08%, 2.17%, 0.63%
04/16/2021, 1%, 2.08%, -0.09%
04/19/2021, 0.8%, 1.88%, -0.19%
04/20/2021, 0.57%, 1.67%, -0.2%
04/21/2021, 0.97%, 2.06%, 0.38%
04/22/2021, 0.79%, 1.89%, -0.16%
04/23/2021, 1.13%, 2.21%, 0.3%
04/26/2021, 1.24%, 2.31%, 0.1%
04/27/2021, 1.05%, 2.12%, -0.19%
04/28/2021, 1.04%, 2.11%, -0.01%
04/29/2021, 1.18%, 2.24%, 0.12%
04/30/2021, 0.96%, 2.04%, -0.19%
05/03/2021, 1.04%, 0.07%, 0.07%
05/04/2021, 0.82%, -0.12%, -0.19%
05/05/2021, 0.89%, -0.04%, 0.08%
05/06/2021, 1.15%, 0.2%, 0.24%
05/07/2021, 1.44%, 0.46%, 0.26%
05/10/2021, 0.87%, -0.08%, -0.53%
05/11/2021, 0.5%, -0.43%, -0.35%
05/12/2021, -0.49%, -1.35%, -0.93%
05/13/2021, -0.08%, -0.98%, 0.38%
05/14/2021, 0.64%, -0.3%, 0.69%
05/17/2021, 0.51%, -0.43%, -0.13%
05/18/2021, 0.31%, -0.61%, -0.18%
05/19/2021, 0.06%, -0.85%, -0.24%
05/20/2021, 0.61%, -0.33%, 0.52%
05/21/2021, 0.59%, -0.35%, -0.02%
05/24/2021, 1.02%, 0.05%, 0.41%
05/25/2021, 1.12%, 0.17%, 0.12%
05/26/2021, 1.19%, 0.23%, 0.05%
05/27/2021, 1.16%, 0.18%, -0.05%
05/28/2021, 1.25%, 0.27%, 0.1%
06/01/2021, 1.24%, -0.02%, -0.02%
06/02/2021, 1.35%, 0.09%, 0.11%
06/03/2021, 1.07%, -0.18%, -0.27%
06/04/2021, 1.6%, 0.32%, 0.51%
06/07/2021, 1.58%, 0.3%, -0.03%
06/08/2021, 1.74%, 0.46%, 0.17%
06/09/2021, 1.83%, 0.57%, 0.11%
06/10/2021, 2.09%, 0.82%, 0.25%
06/11/2021, 2.13%, 0.85%, 0.03%
06/14/2021, 2.06%, 0.77%, -0.08%
06/15/2021, 1.91%, 0.63%, -0.14%
06/16/2021, 1.56%, 0.28%, -0.34%
06/17/2021, 1.76%, 0.5%, 0.21%
06/18/2021, 1.53%, 0.32%, -0.17%
06/21/2021, 1.75%, 0.49%, 0.17%
06/22/2021, 1.98%, 0.7%, 0.21%
06/23/2021, 1.8%, 0.53%, -0.16%
06/24/2021, 2.04%, 0.74%, 0.21%
06/25/2021, 2.04%, 0.73%, -0.02%
06/28/2021, 2.26%, 0.95%, 0.22%
06/29/2021, 2.31%, 1%, 0.06%
06/30/2021, 2.31%, 1%, -0%
07/01/2021, 2.46%, 0.13%, 0.13%
07/02/2021, 2.77%, 0.42%, 0.29%
07/06/2021, 2.9%, 0.57%, 0.16%
07/07/2021, 3.08%, 0.75%, 0.17%
