Date, YTD, MTD, Day
01/04/2021, -0.6%, -0.6%, -0.6%
01/05/2021, 0.15%, 0.15%, 0.75%
01/06/2021, 0.5%, 0.5%, 0.35%
01/07/2021, 1.36%, 1.36%, 0.86%
01/08/2021, 1.9%, 1.9%, 0.53%
01/11/2021, 1.28%, 1.28%, -0.61%
01/12/2021, 1.61%, 1.61%, 0.32%
01/13/2021, 1.74%, 1.74%, 0.14%
01/14/2021, 1.85%, 1.85%, 0.1%
01/15/2021, 1.11%, 1.11%, -0.72%
01/19/2021, 1.86%, 1.86%, 0.74%
01/20/2021, 2.73%, 2.73%, 0.85%
01/21/2021, 2.66%, 2.66%, -0.08%
01/22/2021, 2.4%, 2.4%, -0.25%
01/25/2021, 2.62%, 2.62%, 0.22%
01/26/2021, 2.37%, 2.37%, -0.24%
01/27/2021, 0.52%, 0.52%, -1.79%
01/28/2021, 1.12%, 1.12%, 0.59%
01/29/2021, -0.42%, -0.42%, -1.51%
02/01/2021, 0.92%, 1.35%, 1.35%
02/02/2021, 1.84%, 2.27%, 0.9%
02/03/2021, 2%, 2.43%, 0.15%
02/04/2021, 2.57%, 3%, 0.56%
02/05/2021, 2.98%, 3.41%, 0.39%
02/08/2021, 3.66%, 4.09%, 0.66%
02/09/2021, 3.86%, 4.29%, 0.19%
02/10/2021, 3.9%, 4.33%, 0.04%
02/11/2021, 4.17%, 4.6%, 0.25%
02/12/2021, 4.45%, 4.88%, 0.26%
02/16/2021, 4.5%, 4.93%, 0.04%
02/17/2021, 4.32%, 4.75%, -0.16%
02/18/2021, 3.79%, 4.22%, -0.5%
02/19/2021, 3.91%, 4.34%, 0.11%
02/22/2021, 3.14%, 3.57%, -0.73%
02/23/2021, 3.14%, 3.57%, -0%
02/24/2021, 3.65%, 4.08%, 0.48%
02/25/2021, 1.76%, 2.19%, -1.8%
02/26/2021, 1.29%, 1.72%, -0.44%
03/01/2021, 3.01%, 1.67%, 1.67%
03/02/2021, 2.49%, 1.17%, -0.49%
03/03/2021, 1.69%, 0.38%, -0.77%
03/04/2021, 0.39%, -0.88%, -1.26%
03/05/2021, 1.47%, 0.16%, 1.06%
03/08/2021, 0.76%, -0.54%, -0.7%
03/09/2021, 2.03%, 0.71%, 1.25%
03/10/2021, 2.47%, 1.14%, 0.43%
03/11/2021, 3.54%, 2.18%, 1.02%
03/12/2021, 3.4%, 2.04%, -0.14%
03/15/2021, 3.8%, 2.43%, 0.38%
03/16/2021, 3.67%, 2.3%, -0.12%
03/17/2021, 3.92%, 2.54%, 0.23%
03/18/2021, 2.72%, 1.37%, -1.13%
03/19/2021, 2.75%, 1.4%, 0.03%
03/22/2021, 3.16%, 1.8%, 0.39%
03/23/2021, 2.23%, 0.89%, -0.88%
03/24/2021, 1.37%, 0.06%, -0.82%
03/25/2021, 1.83%, 0.5%, 0.44%
03/26/2021, 3.01%, 1.65%, 1.13%
03/29/2021, 2.64%, 1.3%, -0.35%
03/30/2021, 2.62%, 1.27%, -0.02%
03/31/2021, 2.81%, 1.46%, 0.18%
04/01/2021, 3.91%, 1.06%, 1.06%
04/05/2021, 4.75%, 1.85%, 0.78%
04/06/2021, 4.74%, 1.84%, -0%
04/07/2021, 4.62%, 1.72%, -0.12%
04/08/2021, 5.16%, 2.24%, 0.51%
04/09/2021, 5.42%, 2.49%, 0.24%
04/12/2021, 5.22%, 2.29%, -0.2%
04/13/2021, 5.63%, 2.69%, 0.39%
04/14/2021, 5.49%, 2.55%, -0.13%
04/15/2021, 6.39%, 3.42%, 0.84%
04/16/2021, 6.66%, 3.67%, 0.24%
04/19/2021, 6.24%, 3.28%, -0.38%
04/20/2021, 5.45%, 2.53%, -0.72%
04/21/2021, 6.25%, 3.29%, 0.74%
04/22/2021, 5.79%, 2.85%, -0.41%
04/23/2021, 6.73%, 3.75%, 0.86%
04/26/2021, 6.96%, 3.96%, 0.2%
04/27/2021, 6.84%, 3.84%, -0.12%
04/28/2021, 6.91%, 3.91%, 0.07%
04/29/2021, 7.13%, 4.12%, 0.2%
04/30/2021, 6.33%, 3.35%, -0.73%
05/03/2021, 6.62%, 0.27%, 0.27%
05/04/2021, 5.87%, -0.42%, -0.68%
05/05/2021, 6.17%, -0.13%, 0.28%
05/06/2021, 6.73%, 0.39%, 0.52%
05/07/2021, 7.51%, 1.1%, 0.71%
05/10/2021, 6.64%, 0.31%, -0.79%
05/11/2021, 5.91%, -0.37%, -0.68%
05/12/2021, 4.07%, -2.06%, -1.69%
05/13/2021, 4.74%, -1.44%, 0.63%
05/14/2021, 6.14%, -0.16%, 1.3%
05/17/2021, 5.97%, -0.32%, -0.16%
05/18/2021, 5.8%, -0.46%, -0.15%
05/19/2021, 5.33%, -0.9%, -0.44%
05/20/2021, 6.33%, 0.02%, 0.93%
05/21/2021, 6.23%, -0.07%, -0.09%
05/24/2021, 6.95%, 0.59%, 0.66%
05/25/2021, 6.94%, 0.59%, -0.01%
05/26/2021, 7.2%, 0.82%, 0.23%
05/27/2021, 7.4%, 1%, 0.18%
05/28/2021, 7.57%, 1.16%, 0.16%
06/01/2021, 7.84%, 0.24%, 0.24%
06/02/2021, 8.02%, 0.41%, 0.16%
06/03/2021, 7.56%, -0.01%, -0.42%
06/04/2021, 8.36%, 0.72%, 0.73%
06/07/2021, 8.42%, 0.76%, 0.05%
06/08/2021, 8.5%, 0.84%, 0.08%
06/09/2021, 8.32%, 0.69%, -0.15%
06/10/2021, 8.72%, 1.06%, 0.36%
06/11/2021, 8.88%, 1.2%, 0.14%
06/14/2021, 8.99%, 1.29%, 0.08%
06/15/2021, 8.78%, 1.09%, -0.19%
06/16/2021, 8.21%, 0.57%, -0.52%
06/17/2021, 8.1%, 0.48%, -0.09%
06/18/2021, 6.75%, -0.72%, -1.2%
06/21/2021, 7.69%, 0.11%, 0.84%
06/22/2021, 8.01%, 0.4%, 0.29%
06/23/2021, 7.7%, 0.12%, -0.28%
06/24/2021, 8.34%, 0.7%, 0.58%
06/25/2021, 8.61%, 0.93%, 0.23%
06/28/2021, 8.63%, 0.96%, 0.03%
06/29/2021, 8.61%, 0.94%, -0.02%
06/30/2021, 8.43%, 0.78%, -0.16%
07/01/2021, 8.68%, 0.21%, 0.21%
07/02/2021, 9.12%, 0.61%, 0.39%
07/06/2021, 8.82%, 0.35%, -0.26%
