Date, YTD, MTD, Day
01/02/2019, 0.04%, 0.04%, 0.04%
01/03/2019, 0%, 0%, -0.04%
01/04/2019, 0.5%, 0.5%, 0.52%
01/07/2019, 0.53%, 0.53%, 0.03%
01/08/2019, 0.65%, 0.65%, 0.11%
01/09/2019, 0.96%, 0.96%, 0.31%
01/10/2019, 1%, 1%, 0.03%
01/11/2019, 1.03%, 1.03%, 0.03%
01/14/2019, 0.89%, 0.89%, -0.13%
01/15/2019, 1.04%, 1.04%, 0.14%
01/16/2019, 1.11%, 1.11%, 0.07%
01/17/2019, 1.25%, 1.25%, 0.14%
01/18/2019, 1.4%, 1.4%, 0.13%
01/22/2019, 1.19%, 1.19%, -0.19%
01/23/2019, 1.33%, 1.33%, 0.13%
01/24/2019, 1.54%, 1.54%, 0.21%
01/25/2019, 1.75%, 1.75%, 0.19%
01/28/2019, 1.57%, 1.57%, -0.16%
01/29/2019, 1.74%, 1.74%, 0.17%
01/30/2019, 2.16%, 2.16%, 0.4%
01/31/2019, 2.61%, 2.61%, 0.44%
02/01/2019, 2.38%, -0.22%, -0.22%
02/04/2019, 2.44%, -0.17%, 0.05%
02/05/2019, 2.76%, 0.13%, 0.3%
02/06/2019, 2.66%, 0.04%, -0.09%
02/07/2019, 2.52%, -0.08%, -0.12%
02/08/2019, 2.54%, -0.06%, 0.02%
02/11/2019, 2.47%, -0.12%, -0.07%
02/12/2019, 2.72%, 0.1%, 0.23%
02/13/2019, 2.61%, -0.01%, -0.11%
02/14/2019, 2.73%, 0.11%, 0.12%
02/15/2019, 3.08%, 0.44%, 0.32%
02/19/2019, 3.24%, 0.59%, 0.15%
02/20/2019, 3.27%, 0.62%, 0.02%
02/21/2019, 3.04%, 0.39%, -0.22%
02/22/2019, 3.36%, 0.7%, 0.31%
02/25/2019, 3.36%, 0.69%, -0.01%
02/26/2019, 3.53%, 0.86%, 0.16%
02/27/2019, 3.27%, 0.6%, -0.25%
02/28/2019, 3.09%, 0.44%, -0.16%
03/01/2019, 3.02%, -0.08%, -0.08%
03/04/2019, 3.09%, -0.01%, 0.07%
03/05/2019, 3.16%, 0.06%, 0.07%
03/06/2019, 3.07%, -0.01%, -0.07%
03/07/2019, 3.02%, -0.04%, -0.03%
03/08/2019, 2.94%, -0.11%, -0.08%
03/11/2019, 3.28%, 0.19%, 0.31%
03/12/2019, 3.5%, 0.41%, 0.21%
03/13/2019, 3.67%, 0.56%, 0.15%
03/14/2019, 3.48%, 0.38%, -0.18%
03/15/2019, 3.82%, 0.7%, 0.32%
03/18/2019, 3.97%, 0.84%, 0.14%
03/19/2019, 3.97%, 0.84%, 0%
03/20/2019, 4.22%, 1.08%, 0.24%
03/21/2019, 4.38%, 1.22%, 0.14%
03/22/2019, 4.07%, 0.98%, -0.24%
03/25/2019, 4.19%, 1.1%, 0.12%
03/26/2019, 4.38%, 1.27%, 0.17%
03/27/2019, 4.42%, 1.32%, 0.05%
03/28/2019, 4.47%, 1.37%, 0.05%
03/29/2019, 4.57%, 1.45%, 0.08%
04/01/2019, 4.61%, 0.02%, 0.02%
04/02/2019, 4.69%, 0.09%, 0.08%
04/03/2019, 4.69%, 0.08%, -0.01%
04/04/2019, 4.71%, 0.1%, 0.02%
04/05/2019, 4.89%, 0.27%, 0.16%
04/08/2019, 4.86%, 0.23%, -0.04%
04/09/2019, 4.78%, 0.17%, -0.06%
04/10/2019, 5.04%, 0.41%, 0.24%
04/11/2019, 4.84%, 0.22%, -0.19%
04/12/2019, 4.87%, 0.24%, 0.01%
04/15/2019, 4.94%, 0.31%, 0.07%
04/16/2019, 4.83%, 0.2%, -0.11%
04/17/2019, 4.81%, 0.17%, -0.02%
04/18/2019, 4.95%, 0.32%, 0.15%
04/22/2019, 4.8%, 0.17%, -0.15%
04/23/2019, 5.05%, 0.4%, 0.22%
04/24/2019, 5.04%, 0.4%, 0.01%
04/25/2019, 5%, 0.36%, -0.04%
04/26/2019, 5.28%, 0.63%, 0.27%
04/29/2019, 5.2%, 0.54%, -0.09%
04/30/2019, 5.37%, 0.7%, 0.16%
05/01/2019, 5.18%, -0.16%, -0.16%
05/02/2019, 4.99%, -0.34%, -0.18%
05/03/2019, 5.34%, -0.03%, 0.31%
05/06/2019, 5.2%, -0.15%, -0.12%
05/07/2019, 4.9%, -0.39%, -0.25%
05/08/2019, 4.71%, -0.57%, -0.18%
05/09/2019, 4.69%, -0.57%, -0.01%
05/10/2019, 4.74%, -0.53%, 0.04%
05/13/2019, 4.31%, -0.88%, -0.36%
05/14/2019, 4.47%, -0.75%, 0.14%
05/15/2019, 4.75%, -0.49%, 0.26%
05/16/2019, 4.86%, -0.41%, 0.09%
05/17/2019, 4.65%, -0.59%, -0.19%
05/20/2019, 4.43%, -0.79%, -0.2%
05/21/2019, 4.58%, -0.67%, 0.12%
05/22/2019, 4.63%, -0.61%, 0.06%
05/23/2019, 4.59%, -0.61%, -0.01%
05/24/2019, 4.66%, -0.56%, 0.06%
05/28/2019, 4.63%, -0.56%, -0.01%
05/29/2019, 4.45%, -0.72%, -0.16%
05/30/2019, 4.73%, -0.45%, 0.27%
05/31/2019, 4.86%, -0.3%, 0.14%
06/03/2019, 5.14%, 0.27%, 0.27%
06/04/2019, 5.35%, 0.45%, 0.18%
06/05/2019, 5.44%, 0.53%, 0.08%
06/06/2019, 5.48%, 0.56%, 0.03%
06/07/2019, 5.98%, 1.03%, 0.46%
06/10/2019, 5.88%, 0.94%, -0.1%
06/11/2019, 5.96%, 1.01%, 0.07%
06/12/2019, 5.98%, 1.03%, 0.03%
06/13/2019, 6.14%, 1.18%, 0.14%
06/14/2019, 5.94%, 1%, -0.17%
06/17/2019, 5.94%, 1%, -0%
06/18/2019, 6.42%, 1.45%, 0.44%
06/19/2019, 6.79%, 1.8%, 0.34%
06/20/2019, 7.07%, 2.06%, 0.25%
06/21/2019, 6.78%, 1.79%, -0.26%
06/24/2019, 6.95%, 1.95%, 0.17%
06/25/2019, 6.8%, 1.82%, -0.13%
06/26/2019, 6.58%, 1.61%, -0.21%
06/27/2019, 6.95%, 1.96%, 0.34%
06/28/2019, 7.1%, 2.09%, 0.13%
07/01/2019, 7.28%, 0.15%, 0.15%
07/02/2019, 7.51%, 0.36%, 0.21%
07/03/2019, 7.83%, 0.65%, 0.29%
07/05/2019, 7.37%, 0.22%, -0.43%
07/08/2019, 7.11%, -0.01%, -0.23%
07/09/2019, 7.03%, -0.09%, -0.08%
07/10/2019, 7.21%, 0.08%, 0.17%
07/11/2019, 6.96%, -0.17%, -0.25%
07/12/2019, 7.13%, -0.02%, 0.15%
07/15/2019, 7.21%, 0.07%, 0.08%
07/16/2019, 7.05%, -0.08%, -0.15%
07/17/2019, 7.14%, 0.02%, 0.1%
07/18/2019, 7.31%, 0.17%, 0.15%
07/19/2019, 7.18%, 0.06%, -0.11%
07/22/2019, 7.23%, 0.1%, 0.04%
07/23/2019, 7.32%, 0.17%, 0.06%
07/24/2019, 7.5%, 0.33%, 0.16%
07/25/2019, 7.23%, 0.09%, -0.24%
07/26/2019, 7.36%, 0.21%, 0.11%
07/29/2019, 7.31%, 0.16%, -0.04%
07/30/2019, 7.27%, 0.13%, -0.03%
07/31/2019, 7.05%, -0.06%, -0.18%
08/01/2019, 7.42%, 0.38%, 0.38%
08/02/2019, 7.24%, 0.22%, -0.16%
08/05/2019, 6.88%, -0.05%, -0.28%
08/06/2019, 7.22%, 0.25%, 0.31%
08/07/2019, 7.28%, 0.3%, 0.05%
08/08/2019, 7.73%, 0.68%, 0.4%
08/09/2019, 7.37%, 0.36%, -0.33%
08/12/2019, 7.45%, 0.46%, 0.09%
08/13/2019, 7.57%, 0.56%, 0.11%
08/14/2019, 7.22%, 0.28%, -0.3%
08/15/2019, 7.56%, 0.6%, 0.32%
08/16/2019, 7.85%, 0.85%, 0.26%
08/19/2019, 7.81%, 0.79%, -0.05%
08/20/2019, 7.89%, 0.87%, 0.08%
08/21/2019, 7.96%, 0.93%, 0.06%
08/22/2019, 7.82%, 0.79%, -0.14%
08/23/2019, 7.66%, 0.69%, -0.12%
08/26/2019, 7.72%, 0.73%, 0.06%
08/27/2019, 7.97%, 0.97%, 0.23%
08/28/2019, 8.15%, 1.13%, 0.16%
08/29/2019, 8.29%, 1.24%, 0.12%
08/30/2019, 8.44%, 1.38%, 0.14%
09/03/2019, 8.35%, -0.07%, -0.07%
09/04/2019, 8.76%, 0.3%, 0.37%
09/05/2019, 8.64%, 0.17%, -0.13%
09/06/2019, 8.75%, 0.28%, 0.11%
09/09/2019, 8.43%, -0.03%, -0.3%
09/10/2019, 8.03%, -0.4%, -0.38%
09/11/2019, 8.26%, -0.2%, 0.2%
09/12/2019, 8.21%, -0.24%, -0.05%
09/13/2019, 7.7%, -0.71%, -0.48%
09/16/2019, 7.81%, -0.61%, 0.11%
09/17/2019, 8.03%, -0.41%, 0.2%
09/18/2019, 8.05%, -0.39%, 0.03%
09/19/2019, 8.15%, -0.29%, 0.09%
09/20/2019, 8.37%, -0.08%, 0.22%
09/23/2019, 8.31%, -0.14%, -0.05%
09/24/2019, 8.35%, -0.09%, 0.05%
09/25/2019, 8.05%, -0.38%, -0.29%
09/26/2019, 8.17%, -0.26%, 0.12%
09/27/2019, 8.1%, -0.32%, -0.05%
09/30/2019, 8.26%, -0.18%, 0.14%
10/01/2019, 8.11%, -0.12%, -0.12%
10/02/2019, 7.73%, -0.45%, -0.33%
10/03/2019, 8.2%, -0.02%, 0.43%
10/04/2019, 8.57%, 0.31%, 0.34%
10/07/2019, 8.26%, 0.02%, -0.29%
10/08/2019, 8.06%, -0.14%, -0.17%
10/09/2019, 8.06%, -0.15%, -0%
10/10/2019, 7.95%, -0.27%, -0.11%
10/11/2019, 8.05%, -0.19%, 0.08%
10/14/2019, 8.07%, -0.17%, 0.02%
10/15/2019, 8.2%, -0.07%, 0.1%
10/16/2019, 8.26%, -0.01%, 0.06%
10/17/2019, 8.29%, 0.01%, 0.02%
10/18/2019, 8.28%, 0.01%, -0%
10/21/2019, 8.32%, 0.04%, 0.03%
10/22/2019, 8.34%, 0.06%, 0.02%
10/23/2019, 8.41%, 0.12%, 0.06%
10/24/2019, 8.48%, 0.18%, 0.06%
10/25/2019, 8.49%, 0.18%, 0%
10/28/2019, 8.48%, 0.16%, -0.02%
10/29/2019, 8.47%, 0.16%, -0%
10/30/2019, 8.85%, 0.51%, 0.35%
10/31/2019, 9.04%, 0.69%, 0.19%
11/01/2019, 9.26%, 0.18%, 0.18%
11/04/2019, 9.18%, 0.1%, -0.08%
11/05/2019, 8.89%, -0.18%, -0.28%
11/06/2019, 9.03%, -0.05%, 0.13%
11/07/2019, 8.78%, -0.29%, -0.24%
11/08/2019, 8.7%, -0.36%, -0.08%
11/11/2019, 8.63%, -0.42%, -0.06%
11/12/2019, 8.73%, -0.33%, 0.09%
11/13/2019, 8.82%, -0.24%, 0.09%
11/14/2019, 9.02%, -0.05%, 0.19%
11/15/2019, 9.17%, 0.07%, 0.12%
11/18/2019, 9.33%, 0.21%, 0.15%
11/19/2019, 9.41%, 0.29%, 0.07%
11/20/2019, 9.43%, 0.31%, 0.03%
11/21/2019, 9.28%, 0.18%, -0.13%
11/22/2019, 9.34%, 0.23%, 0.05%
11/25/2019, 9.59%, 0.45%, 0.21%
11/26/2019, 9.76%, 0.6%, 0.16%
11/27/2019, 9.73%, 0.57%, -0.04%
11/29/2019, 9.55%, 0.41%, -0.15%
12/02/2019, 9.13%, -0.37%, -0.37%
12/03/2019, 9.42%, -0.08%, 0.29%
12/04/2019, 9.48%, -0.05%, 0.03%
12/05/2019, 9.37%, -0.15%, -0.1%
12/06/2019, 9.55%, -0.01%, 0.14%
12/09/2019, 9.46%, -0.09%, -0.07%
12/10/2019, 9.45%, -0.1%, -0.01%
12/11/2019, 9.72%, 0.15%, 0.25%
12/12/2019, 9.59%, 0%, -0.15%
12/13/2019, 10.04%, 0.42%, 0.41%
12/16/2019, 10.07%, 0.42%, 0%
12/17/2019, 10.09%, 0.44%, 0.02%
12/18/2019, 9.94%, 0.29%, -0.14%
12/19/2019, 10.1%, 0.43%, 0.14%
12/20/2019, 10.02%, 0.36%, -0.07%
12/23/2019, 9.89%, 0.25%, -0.11%
12/24/2019, 9.97%, 0.32%, 0.07%
12/26/2019, 10.17%, 0.49%, 0.17%
12/27/2019, 10.29%, 0.6%, 0.11%
12/30/2019, 10.13%, 0.47%, -0.13%
12/31/2019, 10.07%, 0.4%, -0.07%
