Date, YTD, MTD, Day
01/02/2014, -0.91%, -0.91%, -0.91%
01/03/2014, -0.92%, -0.92%, -0.01%
01/06/2014, -1.05%, -1.05%, -0.13%
01/07/2014, -0.64%, -0.64%, 0.41%
01/08/2014, -0.71%, -0.71%, -0.07%
01/09/2014, -0.72%, -0.72%, -0.01%
01/10/2014, -0.2%, -0.2%, 0.53%
01/13/2014, -0.83%, -0.83%, -0.64%
01/14/2014, -0.23%, -0.23%, 0.62%
01/15/2014, 0.1%, 0.1%, 0.33%
01/16/2014, 0.05%, 0.05%, -0.05%
01/17/2014, -0.19%, -0.19%, -0.24%
01/21/2014, 0.06%, 0.06%, 0.25%
01/22/2014, 0.13%, 0.13%, 0.07%
01/23/2014, -0.46%, -0.46%, -0.59%
01/24/2014, -2.21%, -2.21%, -1.77%
01/27/2014, -2.8%, -2.8%, -0.61%
01/28/2014, -2.21%, -2.21%, 0.62%
01/29/2014, -2.86%, -2.86%, -0.67%
01/30/2014, -2.28%, -2.28%, 0.6%
01/31/2014, -2.88%, -2.88%, -0.61%
02/03/2014, -4.39%, -1.57%, -1.57%
02/04/2014, -3.97%, -1.14%, 0.44%
02/05/2014, -4.03%, -1.2%, -0.06%
02/06/2014, -2.97%, -0.1%, 1.12%
02/07/2014, -1.99%, 0.92%, 1.02%
02/10/2014, -2%, 0.91%, -0.01%
02/11/2014, -1.13%, 1.83%, 0.91%
02/12/2014, -0.99%, 1.97%, 0.14%
02/13/2014, -0.58%, 2.39%, 0.41%
02/14/2014, -0.21%, 2.78%, 0.38%
02/18/2014, 0.15%, 3.16%, 0.36%
02/19/2014, -0.32%, 2.66%, -0.48%
02/20/2014, 0.04%, 3.04%, 0.37%
02/21/2014, 0.08%, 3.08%, 0.04%
02/24/2014, 0.59%, 3.61%, 0.51%
02/25/2014, 0.52%, 3.53%, -0.07%
02/26/2014, 0.45%, 3.46%, -0.07%
02/27/2014, 0.85%, 3.88%, 0.4%
02/28/2014, 1.08%, 4.12%, 0.23%
03/03/2014, 0.07%, -1%, -1%
03/04/2014, 1.3%, 0.21%, 1.23%
03/05/2014, 1.29%, 0.21%, -0%
03/06/2014, 1.68%, 0.6%, 0.39%
03/07/2014, 1.41%, 0.32%, -0.27%
03/10/2014, 1.14%, 0.05%, -0.27%
03/11/2014, 0.72%, -0.36%, -0.41%
03/12/2014, 0.63%, -0.45%, -0.09%
03/13/2014, -0.3%, -1.37%, -0.93%
03/14/2014, -0.51%, -1.58%, -0.21%
03/17/2014, 0.23%, -0.85%, 0.75%
03/18/2014, 0.85%, -0.23%, 0.62%
03/19/2014, 0.03%, -1.04%, -0.81%
03/20/2014, 0.13%, -0.95%, 0.09%
03/21/2014, 0%, -1.07%, -0.12%
03/24/2014, -0.59%, -1.66%, -0.59%
03/25/2014, -0.1%, -1.17%, 0.5%
03/26/2014, -0.37%, -1.44%, -0.27%
03/27/2014, -0.2%, -1.26%, 0.18%
03/28/2014, 0.25%, -0.82%, 0.45%
03/31/2014, 0.91%, -0.17%, 0.66%
04/01/2014, 1.47%, 0.56%, 0.56%
04/02/2014, 1.62%, 0.7%, 0.14%
04/03/2014, 1.4%, 0.49%, -0.22%
04/04/2014, 0.8%, -0.1%, -0.58%
04/07/2014, 0.21%, -0.69%, -0.59%
04/08/2014, 0.53%, -0.37%, 0.32%
04/09/2014, 1.46%, 0.55%, 0.93%
04/10/2014, 0.02%, -0.87%, -1.41%
04/11/2014, -0.63%, -1.52%, -0.66%
04/14/2014, -0.2%, -1.09%, 0.44%
04/15/2014, -0.12%, -1.02%, 0.08%
04/16/2014, 0.67%, -0.24%, 0.79%
04/17/2014, 0.83%, -0.07%, 0.16%
04/21/2014, 1.01%, 0.1%, 0.18%
04/22/2014, 1.45%, 0.54%, 0.44%
04/23/2014, 1.21%, 0.3%, -0.24%
04/24/2014, 1.31%, 0.4%, 0.1%
04/25/2014, 0.65%, -0.26%, -0.66%
04/28/2014, 0.82%, -0.09%, 0.17%
04/29/2014, 1.26%, 0.36%, 0.45%
04/30/2014, 1.58%, 0.67%, 0.31%
05/01/2014, 1.71%, 0.13%, 0.13%
05/02/2014, 1.71%, 0.13%, 0%
05/05/2014, 1.72%, 0.14%, 0.01%
05/06/2014, 1.33%, -0.24%, -0.38%
05/07/2014, 1.62%, 0.04%, 0.28%
05/08/2014, 1.5%, -0.08%, -0.12%
05/09/2014, 1.53%, -0.05%, 0.03%
05/12/2014, 2.23%, 0.64%, 0.69%
05/13/2014, 2.31%, 0.72%, 0.08%
05/14/2014, 2.18%, 0.6%, -0.12%
05/15/2014, 1.64%, 0.07%, -0.53%
05/16/2014, 1.86%, 0.28%, 0.22%
05/19/2014, 1.98%, 0.4%, 0.12%
05/20/2014, 1.48%, -0.1%, -0.5%
05/21/2014, 2.1%, 0.52%, 0.61%
05/22/2014, 2.32%, 0.73%, 0.21%
05/23/2014, 2.7%, 1.1%, 0.37%
05/27/2014, 3.13%, 1.53%, 0.42%
05/28/2014, 3.07%, 1.47%, -0.06%
05/29/2014, 3.44%, 1.84%, 0.36%
05/30/2014, 3.4%, 1.8%, -0.04%
06/02/2014, 3.48%, 0.08%, 0.08%
06/03/2014, 3.39%, -0.01%, -0.09%
06/04/2014, 3.47%, 0.07%, 0.07%
06/05/2014, 4.1%, 0.67%, 0.6%
06/06/2014, 4.52%, 1.08%, 0.4%
06/09/2014, 4.55%, 1.11%, 0.03%
06/10/2014, 4.55%, 1.11%, -0%
06/11/2014, 4.26%, 0.83%, -0.27%
06/12/2014, 4.03%, 0.61%, -0.22%
06/13/2014, 4.18%, 0.75%, 0.14%
06/16/2014, 4.18%, 0.75%, 0%
06/17/2014, 4.22%, 0.79%, 0.03%
06/18/2014, 4.9%, 1.45%, 0.65%
06/19/2014, 5.08%, 1.62%, 0.17%
06/20/2014, 5.14%, 1.68%, 0.06%
06/23/2014, 4.38%, 0.94%, -0.72%
06/24/2014, 3.93%, 0.51%, -0.43%
06/25/2014, 4.15%, 0.73%, 0.22%
06/26/2014, 4.22%, 0.79%, 0.06%
06/27/2014, 4.4%, 0.96%, 0.17%
06/30/2014, 4.53%, 1.09%, 0.13%
07/01/2014, 5.11%, 0.56%, 0.56%
07/02/2014, 5.11%, 0.55%, -0%
07/03/2014, 5.48%, 0.9%, 0.34%
07/07/2014, 4.95%, 0.39%, -0.5%
07/08/2014, 4.39%, -0.13%, -0.52%
07/09/2014, 4.67%, 0.13%, 0.26%
07/10/2014, 4.12%, -0.4%, -0.52%
07/11/2014, 4.2%, -0.32%, 0.08%
07/14/2014, 4.63%, 0.09%, 0.41%
07/15/2014, 4.35%, -0.17%, -0.27%
07/16/2014, 4.8%, 0.26%, 0.43%
07/17/2014, 3.92%, -0.58%, -0.84%
07/18/2014, 4.64%, 0.11%, 0.7%
07/21/2014, 4.4%, -0.13%, -0.23%
07/22/2014, 4.93%, 0.38%, 0.5%
07/23/2014, 5.09%, 0.53%, 0.15%
07/24/2014, 5.13%, 0.57%, 0.04%
07/25/2014, 4.78%, 0.24%, -0.32%
07/28/2014, 4.8%, 0.26%, 0.01%
07/29/2014, 4.54%, 0.01%, -0.24%
07/30/2014, 4.47%, -0.06%, -0.07%
07/31/2014, 2.94%, -1.52%, -1.46%
08/01/2014, 2.68%, -0.26%, -0.26%
08/04/2014, 3.19%, 0.24%, 0.5%
08/05/2014, 2.41%, -0.52%, -0.76%
08/06/2014, 2.3%, -0.62%, -0.1%
08/07/2014, 1.82%, -1.09%, -0.48%
08/08/2014, 2.4%, -0.52%, 0.57%
08/11/2014, 2.82%, -0.12%, 0.4%
08/12/2014, 2.69%, -0.24%, -0.12%
08/13/2014, 3.25%, 0.3%, 0.54%
08/14/2014, 3.61%, 0.65%, 0.34%
08/15/2014, 3.66%, 0.7%, 0.05%
08/18/2014, 4.23%, 1.25%, 0.55%
08/19/2014, 4.58%, 1.58%, 0.33%
08/20/2014, 4.54%, 1.54%, -0.04%
08/21/2014, 4.81%, 1.81%, 0.26%
08/22/2014, 4.61%, 1.61%, -0.19%
08/25/2014, 5.01%, 2%, 0.38%
08/26/2014, 5.2%, 2.18%, 0.18%
08/27/2014, 5.4%, 2.39%, 0.2%
08/28/2014, 5.12%, 2.11%, -0.27%
08/29/2014, 5.3%, 2.28%, 0.16%
09/02/2014, 5.24%, -0.06%, -0.06%
09/03/2014, 5.53%, 0.23%, 0.29%
09/04/2014, 5.21%, -0.08%, -0.31%
09/05/2014, 5.46%, 0.15%, 0.23%
09/08/2014, 4.96%, -0.33%, -0.48%
09/09/2014, 4.46%, -0.8%, -0.47%
09/10/2014, 4.62%, -0.64%, 0.16%
09/11/2014, 4.48%, -0.78%, -0.14%
09/12/2014, 4.02%, -1.22%, -0.44%
09/15/2014, 3.87%, -1.36%, -0.14%
09/16/2014, 4.26%, -1%, 0.37%
09/17/2014, 4.08%, -1.17%, -0.17%
09/18/2014, 4.54%, -0.74%, 0.44%
09/19/2014, 4.31%, -0.96%, -0.22%
09/22/2014, 3.64%, -1.58%, -0.63%
09/23/2014, 2.69%, -2.49%, -0.92%
09/24/2014, 3.19%, -2.02%, 0.48%
09/25/2014, 2%, -3.14%, -1.15%
09/26/2014, 2.49%, -2.68%, 0.48%
09/29/2014, 2.04%, -3.11%, -0.45%
09/30/2014, 1.72%, -3.41%, -0.32%
10/01/2014, 0.83%, -0.87%, -0.87%
10/02/2014, 0.52%, -1.19%, -0.32%
10/03/2014, 1.03%, -0.7%, 0.5%
10/06/2014, 1.23%, -0.49%, 0.21%
10/07/2014, 0.22%, -1.48%, -1%
10/08/2014, 1.33%, -0.39%, 1.11%
10/09/2014, -0.36%, -2.06%, -1.68%
10/10/2014, -1.48%, -3.16%, -1.13%
10/13/2014, -2.11%, -3.76%, -0.63%
10/14/2014, -1.91%, -3.57%, 0.2%
10/15/2014, -2.4%, -4.06%, -0.52%
10/16/2014, -2.52%, -4.19%, -0.13%
10/17/2014, -1.59%, -3.26%, 0.98%
10/20/2014, -0.96%, -2.65%, 0.64%
10/21/2014, 0.21%, -1.51%, 1.17%
10/22/2014, -0.35%, -2.06%, -0.56%
10/23/2014, 0.43%, -1.3%, 0.78%
10/24/2014, 0.81%, -0.93%, 0.37%
10/27/2014, 0.56%, -1.18%, -0.25%
10/28/2014, 1.64%, -0.12%, 1.08%
10/29/2014, 1.39%, -0.37%, -0.24%
10/30/2014, 1.88%, 0.11%, 0.48%
10/31/2014, 2.92%, 1.14%, 1.03%
11/03/2014, 2.59%, -0.34%, -0.34%
11/04/2014, 2.18%, -0.75%, -0.41%
11/05/2014, 2.47%, -0.47%, 0.28%
11/06/2014, 2.38%, -0.59%, -0.12%
11/07/2014, 2.49%, -0.48%, 0.11%
11/10/2014, 2.82%, -0.15%, 0.34%
11/11/2014, 2.97%, 0%, 0.15%
11/12/2014, 2.79%, -0.18%, -0.19%
11/13/2014, 2.81%, -0.16%, 0.02%
11/14/2014, 2.99%, 0.02%, 0.18%
11/17/2014, 2.79%, -0.18%, -0.2%
11/18/2014, 3.38%, 0.39%, 0.58%
11/19/2014, 3.14%, 0.16%, -0.23%
11/20/2014, 3.2%, 0.21%, 0.05%
11/21/2014, 3.84%, 0.84%, 0.63%
11/24/2014, 4.14%, 1.13%, 0.29%
11/25/2014, 4.2%, 1.19%, 0.06%
11/26/2014, 4.49%, 1.48%, 0.28%
11/28/2014, 3.96%, 0.95%, -0.52%
12/01/2014, 3.38%, -0.55%, -0.55%
12/02/2014, 3.65%, -0.3%, 0.25%
12/03/2014, 3.9%, -0.08%, 0.22%
12/04/2014, 3.73%, -0.24%, -0.17%
12/05/2014, 3.81%, -0.17%, 0.07%
12/08/2014, 3.1%, -0.85%, -0.68%
12/09/2014, 3%, -0.97%, -0.12%
12/10/2014, 1.82%, -2.08%, -1.12%
12/11/2014, 1.9%, -2.03%, 0.05%
12/12/2014, 0.72%, -3.16%, -1.15%
12/15/2014, -0.2%, -4.07%, -0.95%
12/16/2014, -0.32%, -4.15%, -0.08%
12/17/2014, 0.9%, -3.01%, 1.2%
12/18/2014, 2.52%, -1.47%, 1.6%
12/19/2014, 2.26%, -1.74%, -0.28%
12/22/2014, 2.61%, -1.39%, 0.36%
12/23/2014, 2.51%, -1.5%, -0.11%
12/24/2014, 2.57%, -1.44%, 0.06%
12/26/2014, 2.85%, -1.18%, 0.27%
12/29/2014, 2.93%, -1.11%, 0.07%
12/30/2014, 2.46%, -1.56%, -0.46%
12/31/2014, 1.92%, -2.06%, -0.5%
