Date, YTD, MTD, Day
01/02/2013, 1.44%, 1.44%, 1.44%
01/03/2013, 1.27%, 1.27%, -0.17%
01/04/2013, 1.6%, 1.6%, 0.33%
01/07/2013, 1.45%, 1.45%, -0.14%
01/08/2013, 1.32%, 1.32%, -0.13%
01/09/2013, 1.49%, 1.49%, 0.16%
01/10/2013, 1.87%, 1.87%, 0.37%
01/11/2013, 1.95%, 1.95%, 0.07%
01/14/2013, 1.89%, 1.89%, -0.05%
01/15/2013, 2.01%, 2.01%, 0.11%
01/16/2013, 2.03%, 2.03%, 0.02%
01/17/2013, 2.31%, 2.31%, 0.27%
01/18/2013, 2.55%, 2.55%, 0.23%
01/22/2013, 2.89%, 2.89%, 0.33%
01/23/2013, 2.95%, 2.95%, 0.06%
01/24/2013, 2.97%, 2.97%, 0.01%
01/25/2013, 3.2%, 3.2%, 0.21%
01/28/2013, 3.06%, 3.06%, -0.13%
01/29/2013, 3.29%, 3.29%, 0.22%
01/30/2013, 3.01%, 3.01%, -0.27%
01/31/2013, 2.94%, 2.94%, -0.06%
02/01/2013, 3.52%, 0.55%, 0.55%
02/04/2013, 2.87%, -0.06%, -0.61%
02/05/2013, 3.48%, 0.51%, 0.57%
02/06/2013, 3.6%, 0.63%, 0.12%
02/07/2013, 3.5%, 0.53%, -0.09%
02/08/2013, 3.88%, 0.9%, 0.36%
02/11/2013, 3.83%, 0.85%, -0.05%
02/12/2013, 3.91%, 0.93%, 0.07%
02/13/2013, 3.93%, 0.93%, 0.01%
02/14/2013, 4.07%, 1.07%, 0.14%
02/15/2013, 4%, 1.01%, -0.06%
02/19/2013, 4.45%, 1.43%, 0.42%
02/20/2013, 3.58%, 0.6%, -0.81%
02/21/2013, 3.17%, 0.22%, -0.37%
02/22/2013, 3.76%, 0.78%, 0.56%
02/25/2013, 2.76%, -0.15%, -0.92%
02/26/2013, 3.12%, 0.18%, 0.33%
02/27/2013, 3.89%, 0.91%, 0.73%
02/28/2013, 3.89%, 0.91%, 0%
03/01/2013, 4.06%, 0.16%, 0.16%
03/04/2013, 4.31%, 0.39%, 0.23%
03/05/2013, 4.95%, 0.99%, 0.59%
03/06/2013, 4.98%, 1.01%, 0.02%
03/07/2013, 5.02%, 1.05%, 0.03%
03/08/2013, 5.27%, 1.27%, 0.21%
03/11/2013, 5.49%, 1.48%, 0.21%
03/12/2013, 5.37%, 1.37%, -0.1%
03/13/2013, 5.51%, 1.5%, 0.12%
03/14/2013, 5.91%, 1.88%, 0.37%
03/15/2013, 5.83%, 1.8%, -0.07%
03/18/2013, 5.55%, 1.55%, -0.25%
03/19/2013, 5.42%, 1.42%, -0.12%
03/20/2013, 5.82%, 1.79%, 0.36%
03/21/2013, 5.01%, 1.04%, -0.73%
03/22/2013, 5.43%, 1.43%, 0.39%
03/25/2013, 5.23%, 1.25%, -0.18%
03/26/2013, 5.73%, 1.72%, 0.46%
03/27/2013, 5.81%, 1.79%, 0.07%
03/28/2013, 5.99%, 1.95%, 0.16%
04/01/2013, 5.67%, -0.28%, -0.28%
04/02/2013, 5.85%, -0.12%, 0.16%
04/03/2013, 5.18%, -0.72%, -0.6%
04/04/2013, 5.58%, -0.35%, 0.37%
04/05/2013, 5.45%, -0.46%, -0.11%
04/08/2013, 5.83%, -0.12%, 0.34%
04/09/2013, 6.02%, 0.05%, 0.17%
04/10/2013, 6.75%, 0.7%, 0.66%
04/11/2013, 7.02%, 0.95%, 0.25%
04/12/2013, 6.95%, 0.89%, -0.06%
04/15/2013, 5.3%, -0.59%, -1.47%
04/16/2013, 6.22%, 0.24%, 0.84%
04/17/2013, 5.26%, -0.63%, -0.87%
04/18/2013, 4.86%, -0.99%, -0.37%
04/19/2013, 5.45%, -0.46%, 0.54%
04/22/2013, 5.77%, -0.17%, 0.3%
04/23/2013, 6.46%, 0.45%, 0.62%
04/24/2013, 6.51%, 0.5%, 0.05%
04/25/2013, 6.81%, 0.77%, 0.27%
04/26/2013, 6.73%, 0.71%, -0.06%
04/29/2013, 7.22%, 1.15%, 0.44%
04/30/2013, 7.4%, 1.31%, 0.16%
05/01/2013, 6.79%, -0.54%, -0.54%
05/02/2013, 7.42%, 0.03%, 0.57%
05/03/2013, 7.97%, 0.49%, 0.46%
05/06/2013, 8.14%, 0.64%, 0.15%
05/07/2013, 8.49%, 0.95%, 0.3%
05/08/2013, 8.79%, 1.22%, 0.26%
05/09/2013, 8.52%, 0.97%, -0.24%
05/10/2013, 8.75%, 1.16%, 0.19%
05/13/2013, 8.69%, 1.11%, -0.05%
05/14/2013, 9.36%, 1.7%, 0.57%
05/15/2013, 9.75%, 2.05%, 0.34%
05/16/2013, 9.47%, 1.81%, -0.23%
05/17/2013, 10.09%, 2.34%, 0.51%
05/20/2013, 10.02%, 2.28%, -0.07%
05/21/2013, 10.21%, 2.45%, 0.17%
05/22/2013, 9.37%, 1.7%, -0.73%
05/23/2013, 9.22%, 1.56%, -0.13%
05/24/2013, 9.15%, 1.5%, -0.06%
05/28/2013, 9.37%, 1.67%, 0.15%
05/29/2013, 8.92%, 1.28%, -0.37%
05/30/2013, 9.21%, 1.52%, 0.24%
05/31/2013, 8.23%, 0.65%, -0.85%
06/03/2013, 8.56%, 0.29%, 0.29%
06/04/2013, 8.09%, -0.13%, -0.42%
06/05/2013, 7.23%, -0.86%, -0.73%
06/06/2013, 7.86%, -0.32%, 0.55%
06/07/2013, 8.55%, 0.26%, 0.59%
06/10/2013, 8.5%, 0.2%, -0.06%
06/11/2013, 7.81%, -0.39%, -0.59%
06/12/2013, 7.13%, -1%, -0.61%
06/13/2013, 8.34%, 0.07%, 1.08%
06/14/2013, 7.98%, -0.23%, -0.3%
06/17/2013, 8.44%, 0.16%, 0.39%
06/18/2013, 8.97%, 0.62%, 0.46%
06/19/2013, 7.8%, -0.43%, -1.04%
06/20/2013, 5.85%, -2.16%, -1.73%
06/21/2013, 5.43%, -2.57%, -0.41%
06/24/2013, 4.49%, -3.39%, -0.85%
06/25/2013, 5.13%, -2.84%, 0.57%
06/26/2013, 5.86%, -2.19%, 0.67%
06/27/2013, 6.54%, -1.58%, 0.63%
06/28/2013, 6.33%, -1.76%, -0.18%
07/01/2013, 6.82%, 0.44%, 0.44%
07/02/2013, 6.78%, 0.41%, -0.03%
07/03/2013, 6.8%, 0.42%, 0.01%
07/05/2013, 7.13%, 0.64%, 0.22%
07/08/2013, 7.62%, 1.11%, 0.46%
07/09/2013, 8.18%, 1.61%, 0.49%
07/10/2013, 8.14%, 1.56%, -0.05%
07/11/2013, 9.27%, 2.58%, 1%
07/12/2013, 9.5%, 2.79%, 0.2%
07/15/2013, 9.71%, 2.98%, 0.19%
07/16/2013, 9.46%, 2.77%, -0.2%
07/17/2013, 9.75%, 3.04%, 0.26%
07/18/2013, 10.08%, 3.32%, 0.27%
07/19/2013, 10.29%, 3.52%, 0.2%
07/22/2013, 10.48%, 3.69%, 0.16%
07/23/2013, 10.32%, 3.55%, -0.14%
07/24/2013, 9.91%, 3.17%, -0.37%
07/25/2013, 10.2%, 3.42%, 0.24%
07/26/2013, 10.24%, 3.46%, 0.04%
07/29/2013, 9.91%, 3.17%, -0.28%
07/30/2013, 9.98%, 3.22%, 0.05%
07/31/2013, 10.03%, 3.27%, 0.05%
08/01/2013, 10.81%, 0.62%, 0.62%
08/02/2013, 11.11%, 0.9%, 0.29%
08/05/2013, 10.97%, 0.77%, -0.13%
08/06/2013, 10.48%, 0.36%, -0.4%
08/07/2013, 10.23%, 0.16%, -0.2%
08/08/2013, 10.59%, 0.47%, 0.3%
08/09/2013, 10.38%, 0.3%, -0.17%
08/12/2013, 10.31%, 0.23%, -0.07%
08/13/2013, 10.27%, 0.16%, -0.08%
08/14/2013, 9.92%, -0.14%, -0.29%
08/15/2013, 8.76%, -1.13%, -0.99%
08/16/2013, 8.42%, -1.44%, -0.31%
08/19/2013, 7.87%, -1.92%, -0.49%
08/20/2013, 8.37%, -1.48%, 0.45%
08/21/2013, 7.84%, -1.95%, -0.48%
08/22/2013, 8.48%, -1.42%, 0.55%
08/23/2013, 8.91%, -1.03%, 0.4%
08/26/2013, 8.76%, -1.14%, -0.11%
08/27/2013, 7.67%, -2.03%, -0.9%
08/28/2013, 7.77%, -1.97%, 0.06%
08/29/2013, 8.06%, -1.71%, 0.26%
08/30/2013, 7.7%, -2.02%, -0.31%
09/03/2013, 7.85%, 0.1%, 0.1%
09/04/2013, 8.36%, 0.53%, 0.43%
09/05/2013, 8.28%, 0.43%, -0.1%
09/06/2013, 8.44%, 0.58%, 0.16%
09/09/2013, 9.29%, 1.33%, 0.73%
09/10/2013, 9.72%, 1.68%, 0.34%
09/11/2013, 10.05%, 1.98%, 0.3%
09/12/2013, 9.79%, 1.76%, -0.21%
09/13/2013, 10.03%, 1.97%, 0.21%
09/16/2013, 10.44%, 2.33%, 0.35%
09/17/2013, 10.86%, 2.7%, 0.36%
09/18/2013, 11.95%, 3.69%, 0.96%
09/19/2013, 11.82%, 3.57%, -0.12%
09/20/2013, 10.96%, 2.83%, -0.7%
09/23/2013, 10.71%, 2.63%, -0.19%
09/24/2013, 10.67%, 2.6%, -0.02%
09/25/2013, 10.6%, 2.56%, -0.04%
09/26/2013, 10.82%, 2.73%, 0.16%
09/27/2013, 10.57%, 2.52%, -0.2%
09/30/2013, 10.2%, 2.2%, -0.31%
10/01/2013, 10.82%, 0.51%, 0.51%
10/02/2013, 10.79%, 0.49%, -0.02%
10/03/2013, 10.13%, -0.06%, -0.54%
10/04/2013, 10.61%, 0.34%, 0.4%
10/07/2013, 10.01%, -0.15%, -0.49%
10/08/2013, 9.02%, -0.99%, -0.84%
10/09/2013, 8.95%, -1.06%, -0.07%
10/10/2013, 10.53%, 0.26%, 1.35%
10/11/2013, 11.03%, 0.68%, 0.42%
10/14/2013, 11.3%, 0.9%, 0.21%
10/15/2013, 10.78%, 0.46%, -0.43%
10/16/2013, 11.88%, 1.41%, 0.94%
10/17/2013, 12.53%, 1.97%, 0.55%
10/18/2013, 13.08%, 2.44%, 0.46%
10/21/2013, 13.03%, 2.39%, -0.05%
10/22/2013, 13.58%, 2.88%, 0.48%
10/23/2013, 13.21%, 2.57%, -0.3%
10/24/2013, 13.46%, 2.77%, 0.19%
10/25/2013, 13.78%, 3.05%, 0.27%
10/28/2013, 13.8%, 3.05%, 0%
10/29/2013, 14.2%, 3.4%, 0.33%
10/30/2013, 13.73%, 3%, -0.39%
10/31/2013, 13.46%, 2.77%, -0.22%
11/01/2013, 13.52%, 0.02%, 0.02%
11/04/2013, 13.86%, 0.29%, 0.27%
11/05/2013, 13.57%, 0.04%, -0.25%
11/06/2013, 13.82%, 0.26%, 0.21%
11/07/2013, 12.81%, -0.54%, -0.79%
11/08/2013, 13.61%, 0.04%, 0.59%
11/11/2013, 13.65%, 0.07%, 0.03%
11/12/2013, 13.5%, -0.05%, -0.12%
11/13/2013, 14.25%, 0.57%, 0.61%
11/14/2013, 14.66%, 0.91%, 0.34%
11/15/2013, 15.03%, 1.22%, 0.3%
11/18/2013, 14.71%, 0.98%, -0.23%
11/19/2013, 14.44%, 0.75%, -0.23%
11/20/2013, 14.08%, 0.43%, -0.31%
11/21/2013, 14.79%, 1%, 0.56%
11/22/2013, 15.23%, 1.37%, 0.37%
11/25/2013, 15.13%, 1.29%, -0.08%
11/26/2013, 15.26%, 1.41%, 0.12%
11/27/2013, 15.45%, 1.54%, 0.13%
11/29/2013, 15.4%, 1.5%, -0.04%
12/02/2013, 15.05%, -0.3%, -0.3%
12/03/2013, 14.84%, -0.46%, -0.16%
12/04/2013, 14.66%, -0.62%, -0.17%
12/05/2013, 14.36%, -0.87%, -0.25%
12/06/2013, 15.18%, -0.21%, 0.66%
12/09/2013, 15.35%, -0.07%, 0.14%
12/10/2013, 15.17%, -0.19%, -0.12%
12/11/2013, 14.16%, -1%, -0.81%
12/12/2013, 13.9%, -1.22%, -0.22%
12/13/2013, 14.01%, -1.13%, 0.09%
12/16/2013, 14.51%, -0.74%, 0.4%
12/17/2013, 14.4%, -0.81%, -0.07%
12/18/2013, 15.52%, 0.05%, 0.87%
12/19/2013, 14.98%, -0.38%, -0.43%
12/20/2013, 15.56%, 0.09%, 0.47%
12/23/2013, 15.9%, 0.33%, 0.24%
12/24/2013, 16.08%, 0.45%, 0.12%
12/26/2013, 16.37%, 0.66%, 0.21%
12/27/2013, 16.35%, 0.65%, -0.01%
12/30/2013, 16.42%, 0.72%, 0.08%
12/31/2013, 16.67%, 0.9%, 0.17%
