Date, YTD, MTD, Day
01/02/2014, -0.59%, -0.59%, -0.59%
01/03/2014, -0.57%, -0.57%, 0.02%
01/06/2014, -0.68%, -0.68%, -0.12%
01/07/2014, -0.25%, -0.25%, 0.43%
01/08/2014, -0.33%, -0.33%, -0.08%
01/09/2014, -0.27%, -0.27%, 0.06%
01/10/2014, 0.12%, 0.12%, 0.39%
01/13/2014, -0.58%, -0.58%, -0.7%
01/14/2014, 0.04%, 0.04%, 0.63%
01/15/2014, 0.34%, 0.34%, 0.3%
01/16/2014, 0.34%, 0.34%, -0%
01/17/2014, 0.14%, 0.14%, -0.2%
01/21/2014, 0.32%, 0.32%, 0.18%
01/22/2014, 0.38%, 0.38%, 0.06%
01/23/2014, -0.07%, -0.07%, -0.45%
01/24/2014, -1.42%, -1.42%, -1.36%
01/27/2014, -1.89%, -1.89%, -0.48%
01/28/2014, -1.41%, -1.41%, 0.5%
01/29/2014, -1.98%, -1.98%, -0.59%
01/30/2014, -1.28%, -1.28%, 0.72%
01/31/2014, -1.66%, -1.66%, -0.39%
02/03/2014, -3.01%, -1.4%, -1.4%
02/04/2014, -2.6%, -0.98%, 0.44%
02/05/2014, -2.8%, -1.17%, -0.2%
02/06/2014, -2.03%, -0.38%, 0.81%
02/07/2014, -1.18%, 0.5%, 0.88%
02/10/2014, -1.07%, 0.61%, 0.12%
02/11/2014, -0.47%, 1.24%, 0.62%
02/12/2014, -0.42%, 1.29%, 0.05%
02/13/2014, 0.05%, 1.77%, 0.48%
02/14/2014, 0.35%, 2.08%, 0.3%
02/18/2014, 0.58%, 2.32%, 0.23%
02/19/2014, 0.12%, 1.84%, -0.46%
02/20/2014, 0.51%, 2.25%, 0.4%
02/21/2014, 0.48%, 2.22%, -0.03%
02/24/2014, 0.87%, 2.62%, 0.39%
02/25/2014, 0.89%, 2.64%, 0.02%
02/26/2014, 0.97%, 2.71%, 0.07%
02/27/2014, 1.36%, 3.12%, 0.39%
02/28/2014, 1.47%, 3.23%, 0.11%
03/03/2014, 1.02%, -0.44%, -0.44%
03/04/2014, 1.92%, 0.45%, 0.89%
03/05/2014, 1.94%, 0.47%, 0.02%
03/06/2014, 1.99%, 0.52%, 0.05%
03/07/2014, 1.9%, 0.42%, -0.09%
03/10/2014, 1.8%, 0.33%, -0.1%
03/11/2014, 1.43%, -0.04%, -0.36%
03/12/2014, 1.53%, 0.06%, 0.1%
03/13/2014, 0.87%, -0.59%, -0.64%
03/14/2014, 0.73%, -0.73%, -0.14%
03/17/2014, 1.26%, -0.2%, 0.53%
03/18/2014, 1.83%, 0.35%, 0.56%
03/19/2014, 1.2%, -0.27%, -0.62%
03/20/2014, 1.46%, -0.01%, 0.26%
03/21/2014, 1.34%, -0.12%, -0.11%
03/24/2014, 0.72%, -0.74%, -0.61%
03/25/2014, 0.98%, -0.48%, 0.26%
03/26/2014, 0.55%, -0.9%, -0.42%
03/27/2014, 0.52%, -0.93%, -0.03%
03/28/2014, 0.75%, -0.7%, 0.24%
03/31/2014, 1.36%, -0.1%, 0.6%
04/01/2014, 1.85%, 0.48%, 0.48%
04/02/2014, 1.98%, 0.61%, 0.13%
04/03/2014, 1.83%, 0.46%, -0.15%
04/04/2014, 1.09%, -0.27%, -0.72%
04/07/2014, 0.42%, -0.93%, -0.66%
04/08/2014, 0.71%, -0.64%, 0.3%
04/09/2014, 1.48%, 0.11%, 0.76%
04/10/2014, 0.17%, -1.17%, -1.28%
04/11/2014, -0.43%, -1.76%, -0.61%
04/14/2014, -0.02%, -1.36%, 0.42%
04/15/2014, 0.36%, -0.99%, 0.38%
04/16/2014, 1.03%, -0.33%, 0.67%
04/17/2014, 1.02%, -0.34%, -0%
04/21/2014, 1.26%, -0.1%, 0.24%
04/22/2014, 1.65%, 0.29%, 0.39%
04/23/2014, 1.49%, 0.12%, -0.16%
04/24/2014, 1.59%, 0.22%, 0.1%
04/25/2014, 0.97%, -0.39%, -0.61%
04/28/2014, 1.04%, -0.31%, 0.08%
04/29/2014, 1.38%, 0.02%, 0.34%
04/30/2014, 1.69%, 0.32%, 0.3%
05/01/2014, 1.82%, 0.13%, 0.13%
05/02/2014, 1.79%, 0.1%, -0.03%
05/05/2014, 1.84%, 0.15%, 0.05%
05/06/2014, 1.29%, -0.39%, -0.54%
05/07/2014, 1.63%, -0.05%, 0.34%
05/08/2014, 1.48%, -0.2%, -0.15%
05/09/2014, 1.58%, -0.11%, 0.1%
05/12/2014, 2.23%, 0.54%, 0.65%
05/13/2014, 2.29%, 0.6%, 0.06%
05/14/2014, 2.07%, 0.38%, -0.21%
05/15/2014, 1.55%, -0.14%, -0.52%
05/16/2014, 1.75%, 0.07%, 0.2%
05/19/2014, 2%, 0.31%, 0.24%
05/20/2014, 1.59%, -0.1%, -0.4%
05/21/2014, 2.04%, 0.35%, 0.45%
05/22/2014, 2.24%, 0.55%, 0.2%
05/23/2014, 2.6%, 0.9%, 0.35%
05/27/2014, 3.07%, 1.36%, 0.46%
05/28/2014, 3.07%, 1.36%, 0%
05/29/2014, 3.39%, 1.68%, 0.31%
05/30/2014, 3.4%, 1.69%, 0.01%
06/02/2014, 3.4%, -0%, -0%
06/03/2014, 3.27%, -0.13%, -0.12%
06/04/2014, 3.4%, -0%, 0.12%
06/05/2014, 3.97%, 0.55%, 0.55%
06/06/2014, 4.3%, 0.86%, 0.31%
06/09/2014, 4.36%, 0.93%, 0.06%
06/10/2014, 4.3%, 0.87%, -0.06%
06/11/2014, 4.06%, 0.64%, -0.22%
06/12/2014, 3.72%, 0.31%, -0.33%
06/13/2014, 3.89%, 0.47%, 0.16%
06/16/2014, 3.98%, 0.56%, 0.08%
06/17/2014, 4.07%, 0.64%, 0.09%
06/18/2014, 4.67%, 1.23%, 0.57%
06/19/2014, 4.72%, 1.27%, 0.04%
06/20/2014, 4.87%, 1.42%, 0.14%
06/23/2014, 4.5%, 1.06%, -0.35%
06/24/2014, 4.11%, 0.68%, -0.37%
06/25/2014, 4.47%, 1.03%, 0.34%
06/26/2014, 4.45%, 1.01%, -0.01%
06/27/2014, 4.63%, 1.18%, 0.17%
06/30/2014, 4.71%, 1.26%, 0.08%
07/01/2014, 5.15%, 0.41%, 0.41%
07/02/2014, 5.03%, 0.3%, -0.11%
07/03/2014, 5.33%, 0.58%, 0.28%
07/07/2014, 4.95%, 0.22%, -0.35%
07/08/2014, 4.53%, -0.17%, -0.39%
07/09/2014, 4.82%, 0.1%, 0.27%
07/10/2014, 4.51%, -0.2%, -0.3%
07/11/2014, 4.62%, -0.09%, 0.11%
07/14/2014, 4.88%, 0.16%, 0.25%
07/15/2014, 4.65%, -0.06%, -0.22%
07/16/2014, 4.94%, 0.22%, 0.28%
07/17/2014, 4.22%, -0.46%, -0.67%
07/18/2014, 4.91%, 0.19%, 0.65%
07/21/2014, 4.74%, 0.02%, -0.16%
07/22/2014, 5.14%, 0.41%, 0.38%
07/23/2014, 5.27%, 0.53%, 0.12%
07/24/2014, 5.22%, 0.48%, -0.05%
07/25/2014, 4.95%, 0.23%, -0.25%
07/28/2014, 4.91%, 0.19%, -0.04%
07/29/2014, 4.69%, -0.02%, -0.21%
07/30/2014, 4.6%, -0.11%, -0.09%
07/31/2014, 3.21%, -1.42%, -1.32%
08/01/2014, 3.1%, -0.1%, -0.1%
08/04/2014, 3.58%, 0.35%, 0.46%
08/05/2014, 3.01%, -0.19%, -0.54%
08/06/2014, 2.99%, -0.22%, -0.02%
08/07/2014, 2.72%, -0.47%, -0.26%
08/08/2014, 3.39%, 0.17%, 0.65%
08/11/2014, 3.65%, 0.43%, 0.26%
08/12/2014, 3.47%, 0.25%, -0.18%
08/13/2014, 4.02%, 0.78%, 0.53%
08/14/2014, 4.34%, 1.09%, 0.31%
08/15/2014, 4.41%, 1.16%, 0.07%
08/18/2014, 4.96%, 1.68%, 0.52%
08/19/2014, 5.25%, 1.97%, 0.27%
08/20/2014, 5.34%, 2.05%, 0.08%
08/21/2014, 5.56%, 2.26%, 0.21%
08/22/2014, 5.44%, 2.15%, -0.1%
08/25/2014, 5.8%, 2.49%, 0.33%
08/26/2014, 5.94%, 2.63%, 0.13%
08/27/2014, 6.03%, 2.72%, 0.09%
08/28/2014, 5.91%, 2.61%, -0.11%
08/29/2014, 6.16%, 2.84%, 0.22%
09/02/2014, 6.05%, -0.11%, -0.11%
09/03/2014, 6.06%, -0.09%, 0.01%
09/04/2014, 5.83%, -0.3%, -0.21%
09/05/2014, 6.14%, -0.02%, 0.29%
09/08/2014, 5.91%, -0.24%, -0.22%
09/09/2014, 5.37%, -0.74%, -0.51%
09/10/2014, 5.54%, -0.58%, 0.16%
09/11/2014, 5.59%, -0.54%, 0.04%
09/12/2014, 5.09%, -1.01%, -0.47%
09/15/2014, 4.95%, -1.14%, -0.13%
09/16/2014, 5.38%, -0.74%, 0.4%
09/17/2014, 5.4%, -0.72%, 0.01%
09/18/2014, 5.73%, -0.42%, 0.31%
09/19/2014, 5.67%, -0.47%, -0.06%
09/22/2014, 5.05%, -1.04%, -0.57%
09/23/2014, 4.37%, -1.67%, -0.64%
09/24/2014, 4.81%, -1.27%, 0.42%
09/25/2014, 3.83%, -2.17%, -0.92%
09/26/2014, 4.32%, -1.72%, 0.46%
09/29/2014, 4.15%, -1.88%, -0.16%
09/30/2014, 3.84%, -2.17%, -0.3%
10/01/2014, 3.13%, -0.67%, -0.67%
10/02/2014, 3.07%, -0.73%, -0.06%
10/03/2014, 3.74%, -0.09%, 0.65%
10/06/2014, 3.68%, -0.14%, -0.05%
10/07/2014, 2.8%, -0.98%, -0.84%
10/08/2014, 3.94%, 0.1%, 1.1%
10/09/2014, 2.48%, -1.29%, -1.4%
10/10/2014, 1.68%, -2.06%, -0.79%
10/13/2014, 0.8%, -2.89%, -0.86%
10/14/2014, 1.05%, -2.65%, 0.25%
10/15/2014, 0.73%, -2.95%, -0.33%
10/16/2014, 0.78%, -2.91%, 0.05%
10/17/2014, 1.49%, -2.23%, 0.72%
10/20/2014, 2.13%, -1.62%, 0.63%
10/21/2014, 3.34%, -0.47%, 1.2%
10/22/2014, 2.78%, -1.01%, -0.55%
10/23/2014, 3.53%, -0.29%, 0.74%
10/24/2014, 3.94%, 0.1%, 0.39%
10/27/2014, 3.82%, -0.02%, -0.11%
10/28/2014, 4.7%, 0.82%, 0.84%
10/29/2014, 4.5%, 0.63%, -0.19%
10/30/2014, 4.96%, 1.06%, 0.43%
10/31/2014, 5.78%, 1.85%, 0.77%
11/03/2014, 5.69%, -0.08%, -0.08%
11/04/2014, 5.42%, -0.34%, -0.25%
11/05/2014, 5.76%, -0.02%, 0.31%
11/06/2014, 5.94%, 0.14%, 0.16%
11/07/2014, 6.08%, 0.27%, 0.14%
11/10/2014, 6.27%, 0.44%, 0.17%
11/11/2014, 6.3%, 0.47%, 0.03%
11/12/2014, 6.29%, 0.46%, -0.01%
11/13/2014, 6.29%, 0.46%, 0%
11/14/2014, 6.37%, 0.54%, 0.08%
11/17/2014, 6.3%, 0.47%, -0.07%
11/18/2014, 6.73%, 0.88%, 0.41%
11/19/2014, 6.5%, 0.66%, -0.22%
11/20/2014, 6.71%, 0.85%, 0.19%
11/21/2014, 7.17%, 1.29%, 0.43%
11/24/2014, 7.44%, 1.54%, 0.25%
11/25/2014, 7.47%, 1.57%, 0.03%
11/26/2014, 7.71%, 1.8%, 0.22%
11/28/2014, 7.46%, 1.56%, -0.23%
12/01/2014, 6.85%, -0.56%, -0.56%
12/02/2014, 7.18%, -0.26%, 0.3%
12/03/2014, 7.5%, 0.02%, 0.29%
12/04/2014, 7.43%, -0.05%, -0.07%
12/05/2014, 7.47%, -0.01%, 0.03%
12/08/2014, 6.97%, -0.47%, -0.45%
12/09/2014, 7.06%, -0.39%, 0.08%
12/10/2014, 5.95%, -1.39%, -1.01%
12/11/2014, 6.2%, -1.17%, 0.22%
12/12/2014, 5.25%, -2.03%, -0.88%
12/15/2014, 4.65%, -2.59%, -0.57%
12/16/2014, 4.27%, -2.92%, -0.35%
12/17/2014, 5.57%, -1.75%, 1.23%
12/18/2014, 7.03%, -0.42%, 1.36%
12/19/2014, 7.01%, -0.45%, -0.03%
12/22/2014, 7.24%, -0.24%, 0.21%
12/23/2014, 7.17%, -0.32%, -0.07%
12/24/2014, 7.2%, -0.29%, 0.03%
12/26/2014, 7.49%, -0.02%, 0.26%
12/29/2014, 7.65%, 0.13%, 0.15%
12/30/2014, 7.33%, -0.17%, -0.29%
12/31/2014, 6.71%, -0.72%, -0.55%
