Date, YTD, MTD, Day
01/04/2016, -0.72%, -0.72%, -0.72%
01/05/2016, -0.71%, -0.71%, 0.01%
01/06/2016, -1.2%, -1.2%, -0.5%
01/07/2016, -2.28%, -2.28%, -1.12%
01/08/2016, -2.72%, -2.72%, -0.47%
01/11/2016, -2.91%, -2.91%, -0.19%
01/12/2016, -2.47%, -2.47%, 0.46%
01/13/2016, -3.45%, -3.45%, -1.05%
01/14/2016, -2.9%, -2.9%, 0.61%
01/15/2016, -3.88%, -3.88%, -1.05%
01/19/2016, -3.92%, -3.92%, -0.04%
01/20/2016, -4.45%, -4.45%, -0.59%
01/21/2016, -4.32%, -4.32%, 0.16%
01/22/2016, -3.32%, -3.32%, 1.1%
01/25/2016, -3.99%, -3.99%, -0.72%
01/26/2016, -3.31%, -3.31%, 0.74%
01/27/2016, -3.74%, -3.74%, -0.47%
01/28/2016, -3.51%, -3.51%, 0.25%
01/29/2016, -2.21%, -2.21%, 1.39%
02/01/2016, -2.34%, -0.13%, -0.13%
02/02/2016, -3.03%, -0.87%, -0.75%
02/03/2016, -2.89%, -0.72%, 0.16%
02/04/2016, -2.68%, -0.5%, 0.22%
02/05/2016, -3.56%, -1.43%, -0.94%
02/08/2016, -4.05%, -1.97%, -0.56%
02/09/2016, -4.25%, -2.18%, -0.22%
02/10/2016, -4.14%, -2.06%, 0.12%
02/11/2016, -4.68%, -2.65%, -0.62%
02/12/2016, -4.1%, -2.01%, 0.69%
02/16/2016, -3.36%, -1.23%, 0.83%
02/17/2016, -2.62%, -0.43%, 0.82%
02/18/2016, -2.66%, -0.49%, -0.06%
02/19/2016, -2.66%, -0.49%, -0%
02/22/2016, -2.01%, 0.2%, 0.69%
02/23/2016, -2.56%, -0.38%, -0.58%
02/24/2016, -2.41%, -0.22%, 0.16%
02/25/2016, -1.79%, 0.43%, 0.65%
02/26/2016, -1.96%, 0.26%, -0.17%
02/29/2016, -2.21%, -0.01%, -0.26%
03/01/2016, -1.28%, 1%, 1%
03/02/2016, -1%, 1.3%, 0.3%
03/03/2016, -0.62%, 1.7%, 0.4%
03/04/2016, -0.47%, 1.87%, 0.16%
03/07/2016, -0.42%, 1.92%, 0.05%
03/08/2016, -0.86%, 1.44%, -0.45%
03/09/2016, -0.71%, 1.6%, 0.16%
03/10/2016, -0.84%, 1.47%, -0.13%
03/11/2016, 0.01%, 2.39%, 0.88%
03/14/2016, -0.22%, 2.13%, -0.24%
03/15/2016, -0.48%, 1.86%, -0.26%
03/16/2016, 0.05%, 2.41%, 0.54%
03/17/2016, 0.52%, 2.91%, 0.48%
03/18/2016, 0.82%, 3.22%, 0.3%
03/21/2016, 0.74%, 3.15%, -0.08%
03/22/2016, 0.67%, 3.07%, -0.07%
03/23/2016, 0.42%, 2.79%, -0.25%
03/24/2016, 0.31%, 2.68%, -0.11%
03/28/2016, 0.38%, 2.75%, 0.07%
03/29/2016, 1.16%, 3.56%, 0.78%
03/30/2016, 1.36%, 3.77%, 0.2%
03/31/2016, 1.36%, 3.77%, 0%
04/01/2016, 1.55%, 0.19%, 0.19%
04/04/2016, 1.38%, 0.01%, -0.17%
04/05/2016, 0.93%, -0.44%, -0.45%
04/06/2016, 1.39%, 0.03%, 0.47%
04/07/2016, 0.93%, -0.43%, -0.46%
04/08/2016, 1.18%, -0.18%, 0.26%
04/11/2016, 1.09%, -0.27%, -0.09%
04/12/2016, 1.52%, 0.16%, 0.44%
04/13/2016, 2.19%, 0.82%, 0.66%
04/14/2016, 2.1%, 0.74%, -0.08%
04/15/2016, 2.22%, 0.85%, 0.11%
04/18/2016, 2.49%, 1.12%, 0.27%
04/19/2016, 2.77%, 1.4%, 0.28%
04/20/2016, 2.65%, 1.28%, -0.12%
04/21/2016, 2.34%, 0.98%, -0.3%
04/22/2016, 2.35%, 0.99%, 0.01%
04/25/2016, 2.2%, 0.84%, -0.15%
04/26/2016, 2.26%, 0.9%, 0.06%
04/27/2016, 2.51%, 1.14%, 0.24%
04/28/2016, 2.2%, 0.83%, -0.3%
04/29/2016, 1.94%, 0.57%, -0.25%
05/02/2016, 2.22%, 0.28%, 0.28%
05/03/2016, 1.77%, -0.17%, -0.44%
05/04/2016, 1.46%, -0.48%, -0.31%
05/05/2016, 1.51%, -0.42%, 0.05%
05/06/2016, 1.57%, -0.37%, 0.06%
05/09/2016, 1.62%, -0.31%, 0.05%
05/10/2016, 2.25%, 0.31%, 0.63%
05/11/2016, 1.86%, -0.08%, -0.39%
05/12/2016, 1.76%, -0.18%, -0.09%
05/13/2016, 1.44%, -0.5%, -0.32%
05/16/2016, 1.79%, -0.15%, 0.35%
05/17/2016, 1.33%, -0.6%, -0.45%
05/18/2016, 1.08%, -0.84%, -0.24%
05/19/2016, 0.89%, -1.03%, -0.19%
05/20/2016, 1.27%, -0.66%, 0.38%
05/23/2016, 1.17%, -0.75%, -0.1%
05/24/2016, 1.8%, -0.13%, 0.63%
05/25/2016, 2.14%, 0.2%, 0.33%
05/26/2016, 2.3%, 0.36%, 0.15%
05/27/2016, 2.4%, 0.46%, 0.1%
05/31/2016, 2.46%, 0.52%, 0.06%
06/01/2016, 2.55%, 0.09%, 0.09%
06/02/2016, 2.8%, 0.33%, 0.24%
06/03/2016, 3.03%, 0.56%, 0.22%
06/06/2016, 3.24%, 0.76%, 0.21%
06/07/2016, 3.46%, 0.98%, 0.21%
06/08/2016, 3.7%, 1.21%, 0.23%
06/09/2016, 3.54%, 1.06%, -0.15%
06/10/2016, 2.95%, 0.48%, -0.57%
06/13/2016, 2.21%, -0.25%, -0.73%
06/14/2016, 1.96%, -0.49%, -0.25%
06/15/2016, 2.07%, -0.38%, 0.12%
06/16/2016, 2.16%, -0.3%, 0.08%
06/17/2016, 2.07%, -0.38%, -0.08%
06/20/2016, 2.43%, -0.03%, 0.36%
06/21/2016, 2.52%, 0.06%, 0.1%
06/22/2016, 2.51%, 0.05%, -0.01%
06/23/2016, 3.17%, 0.7%, 0.65%
06/24/2016, 1.26%, -1.17%, -1.85%
06/27/2016, 0.52%, -1.89%, -0.76%
06/28/2016, 1.48%, -0.96%, 0.99%
06/29/2016, 2.27%, -0.19%, 0.81%
06/30/2016, 3.06%, 0.58%, 0.78%
07/01/2016, 3.33%, 0.27%, 0.27%
07/05/2016, 3.03%, -0.04%, -0.31%
07/06/2016, 3.23%, 0.16%, 0.2%
07/07/2016, 3.2%, 0.13%, -0.02%
07/08/2016, 4.08%, 0.99%, 0.86%
07/11/2016, 4.25%, 1.16%, 0.17%
07/12/2016, 4.5%, 1.41%, 0.25%
07/13/2016, 4.64%, 1.54%, 0.13%
07/14/2016, 4.77%, 1.68%, 0.13%
07/15/2016, 4.57%, 1.49%, -0.19%
07/18/2016, 4.7%, 1.61%, 0.12%
07/19/2016, 4.65%, 1.56%, -0.04%
07/20/2016, 4.84%, 1.75%, 0.18%
07/21/2016, 4.71%, 1.62%, -0.12%
07/22/2016, 4.93%, 1.83%, 0.2%
07/25/2016, 4.74%, 1.65%, -0.18%
07/26/2016, 4.82%, 1.73%, 0.08%
07/27/2016, 5%, 1.9%, 0.17%
07/28/2016, 5.03%, 1.93%, 0.03%
07/29/2016, 5.35%, 2.25%, 0.31%
08/01/2016, 5.16%, -0.19%, -0.19%
08/02/2016, 4.66%, -0.66%, -0.47%
08/03/2016, 4.79%, -0.54%, 0.12%
08/04/2016, 5.01%, -0.33%, 0.21%
08/05/2016, 5.21%, -0.14%, 0.19%
08/08/2016, 5.26%, -0.09%, 0.05%
08/09/2016, 5.51%, 0.15%, 0.24%
08/10/2016, 5.45%, 0.09%, -0.06%
08/11/2016, 5.58%, 0.21%, 0.12%
08/12/2016, 5.69%, 0.32%, 0.11%
08/15/2016, 5.76%, 0.38%, 0.06%
08/16/2016, 5.48%, 0.12%, -0.26%
08/17/2016, 5.58%, 0.22%, 0.09%
08/18/2016, 5.81%, 0.44%, 0.22%
08/19/2016, 5.59%, 0.22%, -0.22%
08/22/2016, 5.67%, 0.3%, 0.08%
08/23/2016, 5.81%, 0.43%, 0.13%
08/24/2016, 5.53%, 0.17%, -0.27%
08/25/2016, 5.43%, 0.08%, -0.09%
08/26/2016, 5.16%, -0.18%, -0.26%
08/29/2016, 5.61%, 0.25%, 0.43%
08/30/2016, 5.48%, 0.12%, -0.13%
08/31/2016, 5.35%, -0%, -0.12%
09/01/2016, 5.41%, 0.05%, 0.05%
09/02/2016, 5.64%, 0.27%, 0.22%
09/06/2016, 6.08%, 0.69%, 0.42%
09/07/2016, 6.14%, 0.75%, 0.06%
09/08/2016, 5.82%, 0.45%, -0.3%
09/09/2016, 4.28%, -1.01%, -1.44%
09/12/2016, 4.66%, -0.65%, 0.36%
09/13/2016, 3.66%, -1.6%, -0.95%
09/14/2016, 3.69%, -1.57%, 0.02%
09/15/2016, 4.21%, -1.08%, 0.51%
09/16/2016, 4%, -1.28%, -0.21%
09/19/2016, 4.07%, -1.21%, 0.07%
09/20/2016, 4.13%, -1.15%, 0.06%
09/21/2016, 4.88%, -0.45%, 0.71%
09/22/2016, 5.4%, 0.04%, 0.49%
09/23/2016, 5.07%, -0.26%, -0.31%
09/26/2016, 4.71%, -0.6%, -0.34%
09/27/2016, 5.06%, -0.27%, 0.33%
09/28/2016, 5.39%, 0.04%, 0.31%
09/29/2016, 4.92%, -0.4%, -0.44%
09/30/2016, 5.16%, -0.18%, 0.22%
10/03/2016, 4.98%, -0.17%, -0.17%
10/04/2016, 4.61%, -0.52%, -0.35%
10/05/2016, 4.8%, -0.33%, 0.18%
10/06/2016, 4.66%, -0.47%, -0.14%
10/07/2016, 4.5%, -0.62%, -0.15%
10/10/2016, 4.62%, -0.52%, 0.11%
10/11/2016, 3.91%, -1.19%, -0.67%
10/12/2016, 3.99%, -1.1%, 0.08%
10/13/2016, 3.85%, -1.23%, -0.13%
10/14/2016, 3.71%, -1.37%, -0.14%
10/17/2016, 3.67%, -1.41%, -0.04%
10/18/2016, 4.09%, -1.01%, 0.41%
10/19/2016, 4.3%, -0.81%, 0.2%
10/20/2016, 4.22%, -0.88%, -0.07%
10/21/2016, 4.19%, -0.92%, -0.03%
10/24/2016, 4.36%, -0.76%, 0.16%
10/25/2016, 4.15%, -0.95%, -0.2%
10/26/2016, 3.9%, -1.19%, -0.24%
10/27/2016, 3.55%, -1.52%, -0.34%
10/28/2016, 3.45%, -1.62%, -0.1%
10/31/2016, 3.51%, -1.56%, 0.06%
11/01/2016, 3.18%, -0.32%, -0.32%
11/02/2016, 2.83%, -0.65%, -0.34%
11/03/2016, 2.6%, -0.87%, -0.22%
11/04/2016, 2.6%, -0.88%, -0.01%
11/07/2016, 3.51%, -0.01%, 0.89%
11/08/2016, 3.61%, 0.09%, 0.1%
11/09/2016, 3.62%, 0.09%, -0.01%
11/10/2016, 3.47%, -0.05%, -0.15%
11/11/2016, 3.31%, -0.21%, -0.17%
11/14/2016, 3.16%, -0.35%, -0.15%
11/15/2016, 3.57%, 0.04%, 0.39%
11/16/2016, 3.55%, 0.02%, -0.02%
11/17/2016, 3.61%, 0.08%, 0.05%
11/18/2016, 3.33%, -0.19%, -0.27%
11/21/2016, 3.72%, 0.18%, 0.37%
11/22/2016, 3.9%, 0.35%, 0.17%
11/23/2016, 3.84%, 0.29%, -0.07%
11/25/2016, 3.99%, 0.44%, 0.14%
11/28/2016, 3.9%, 0.35%, -0.07%
11/29/2016, 4.03%, 0.48%, 0.13%
11/30/2016, 3.69%, 0.15%, -0.33%
12/01/2016, 3.4%, -0.28%, -0.28%
12/02/2016, 3.57%, -0.11%, 0.17%
12/05/2016, 3.91%, 0.2%, 0.31%
12/06/2016, 4.21%, 0.49%, 0.29%
12/07/2016, 5.05%, 1.28%, 0.78%
12/08/2016, 5.09%, 1.3%, 0.02%
12/09/2016, 5.14%, 1.34%, 0.03%
12/12/2016, 4.99%, 1.2%, -0.14%
12/13/2016, 5.4%, 1.58%, 0.38%
12/14/2016, 4.54%, 0.76%, -0.81%
12/15/2016, 4.63%, 0.84%, 0.07%
12/16/2016, 4.6%, 0.81%, -0.02%
12/19/2016, 4.46%, 0.69%, -0.11%
12/20/2016, 4.63%, 0.84%, 0.14%
12/21/2016, 4.54%, 0.76%, -0.07%
12/22/2016, 4.39%, 0.62%, -0.13%
12/23/2016, 4.49%, 0.71%, 0.09%
12/27/2016, 4.55%, 0.77%, 0.06%
12/28/2016, 4.3%, 0.55%, -0.21%
12/29/2016, 4.46%, 0.7%, 0.15%
12/30/2016, 4.37%, 0.64%, -0.06%
