Date, YTD, MTD, Day
01/02/2019, 0.07%, 0.07%, 0.07%
01/03/2019, -0.33%, -0.33%, -0.4%
01/04/2019, 0.57%, 0.57%, 0.93%
01/07/2019, 0.72%, 0.72%, 0.15%
01/08/2019, 0.99%, 0.99%, 0.26%
01/09/2019, 1.3%, 1.3%, 0.3%
01/10/2019, 1.41%, 1.41%, 0.1%
01/11/2019, 1.45%, 1.45%, 0.04%
01/14/2019, 1.24%, 1.24%, -0.19%
01/15/2019, 1.53%, 1.53%, 0.28%
01/16/2019, 1.64%, 1.64%, 0.1%
01/17/2019, 1.89%, 1.89%, 0.24%
01/18/2019, 2.22%, 2.22%, 0.3%
01/22/2019, 1.82%, 1.82%, -0.36%
01/23/2019, 1.95%, 1.95%, 0.13%
01/24/2019, 2.17%, 2.17%, 0.21%
01/25/2019, 2.47%, 2.47%, 0.28%
01/28/2019, 2.21%, 2.21%, -0.24%
01/29/2019, 2.31%, 2.31%, 0.11%
01/30/2019, 2.91%, 2.91%, 0.56%
01/31/2019, 3.44%, 3.44%, 0.51%
02/01/2019, 3.29%, -0.15%, -0.15%
02/04/2019, 3.46%, 0%, 0.16%
02/05/2019, 3.79%, 0.31%, 0.31%
02/06/2019, 3.68%, 0.21%, -0.1%
02/07/2019, 3.45%, 0%, -0.2%
02/08/2019, 3.5%, 0.06%, 0.06%
02/11/2019, 3.48%, 0.04%, -0.03%
02/12/2019, 3.89%, 0.41%, 0.38%
02/13/2019, 3.86%, 0.37%, -0.04%
02/14/2019, 3.93%, 0.44%, 0.07%
02/15/2019, 4.4%, 0.89%, 0.44%
02/19/2019, 4.56%, 1.03%, 0.14%
02/20/2019, 4.6%, 1.06%, 0.03%
02/21/2019, 4.34%, 0.82%, -0.24%
02/22/2019, 4.73%, 1.19%, 0.36%
02/25/2019, 4.73%, 1.19%, -0%
02/26/2019, 4.83%, 1.29%, 0.1%
02/27/2019, 4.63%, 1.09%, -0.2%
02/28/2019, 4.45%, 0.92%, -0.17%
03/01/2019, 4.51%, 0.03%, 0.03%
03/04/2019, 4.47%, 0.02%, -0.01%
03/05/2019, 4.5%, 0.05%, 0.03%
03/06/2019, 4.29%, -0.14%, -0.19%
03/07/2019, 4.14%, -0.25%, -0.11%
03/08/2019, 4.05%, -0.33%, -0.08%
03/11/2019, 4.59%, 0.15%, 0.49%
03/12/2019, 4.82%, 0.37%, 0.22%
03/13/2019, 5.08%, 0.6%, 0.22%
03/14/2019, 4.91%, 0.43%, -0.16%
03/15/2019, 5.25%, 0.75%, 0.32%
03/18/2019, 5.43%, 0.91%, 0.16%
03/19/2019, 5.41%, 0.9%, -0.01%
03/20/2019, 5.55%, 1.05%, 0.15%
03/21/2019, 5.91%, 1.37%, 0.32%
03/22/2019, 5.22%, 0.78%, -0.57%
03/25/2019, 5.32%, 0.89%, 0.1%
03/26/2019, 5.61%, 1.14%, 0.26%
03/27/2019, 5.56%, 1.11%, -0.03%
03/28/2019, 5.7%, 1.24%, 0.12%
03/29/2019, 5.88%, 1.39%, 0.16%
04/01/2019, 6.09%, 0.16%, 0.16%
04/02/2019, 6.16%, 0.23%, 0.06%
04/03/2019, 6.18%, 0.23%, 0%
04/04/2019, 6.24%, 0.29%, 0.05%
04/05/2019, 6.49%, 0.51%, 0.22%
04/08/2019, 6.46%, 0.49%, -0.03%
04/09/2019, 6.29%, 0.33%, -0.15%
04/10/2019, 6.59%, 0.62%, 0.28%
04/11/2019, 6.44%, 0.47%, -0.15%
04/12/2019, 6.57%, 0.58%, 0.1%
04/15/2019, 6.61%, 0.62%, 0.04%
04/16/2019, 6.51%, 0.52%, -0.1%
04/17/2019, 6.42%, 0.43%, -0.08%
04/18/2019, 6.58%, 0.59%, 0.15%
04/22/2019, 6.46%, 0.47%, -0.11%
04/23/2019, 6.86%, 0.83%, 0.35%
04/24/2019, 6.86%, 0.84%, 0.01%
04/25/2019, 6.81%, 0.79%, -0.05%
04/26/2019, 7.14%, 1.1%, 0.3%
04/29/2019, 7.08%, 1.04%, -0.06%
04/30/2019, 7.23%, 1.18%, 0.14%
05/01/2019, 6.94%, -0.25%, -0.25%
05/02/2019, 6.75%, -0.43%, -0.17%
05/03/2019, 7.23%, -0.01%, 0.42%
05/06/2019, 7.08%, -0.13%, -0.12%
05/07/2019, 6.54%, -0.58%, -0.45%
05/08/2019, 6.35%, -0.76%, -0.18%
05/09/2019, 6.32%, -0.77%, -0.01%
05/10/2019, 6.42%, -0.69%, 0.08%
05/13/2019, 5.63%, -1.34%, -0.67%
05/14/2019, 5.91%, -1.11%, 0.25%
05/15/2019, 6.25%, -0.8%, 0.31%
05/16/2019, 6.51%, -0.59%, 0.22%
05/17/2019, 6.23%, -0.83%, -0.25%
05/20/2019, 5.92%, -1.1%, -0.28%
05/21/2019, 6.2%, -0.87%, 0.24%
05/22/2019, 6.19%, -0.87%, 0%
05/23/2019, 5.95%, -1.04%, -0.19%
05/24/2019, 6.02%, -0.99%, 0.06%
05/28/2019, 5.85%, -1.11%, -0.14%
05/29/2019, 5.59%, -1.34%, -0.24%
05/30/2019, 5.85%, -1.09%, 0.25%
05/31/2019, 5.73%, -1.15%, -0.08%
06/03/2019, 5.9%, 0.17%, 0.17%
06/04/2019, 6.46%, 0.67%, 0.5%
06/05/2019, 6.69%, 0.87%, 0.2%
06/06/2019, 6.82%, 0.99%, 0.11%
06/07/2019, 7.41%, 1.53%, 0.53%
06/10/2019, 7.41%, 1.52%, -0.01%
06/11/2019, 7.43%, 1.54%, 0.02%
06/12/2019, 7.45%, 1.56%, 0.03%
06/13/2019, 7.68%, 1.78%, 0.21%
06/14/2019, 7.42%, 1.54%, -0.22%
06/17/2019, 7.45%, 1.57%, 0.03%
06/18/2019, 8.01%, 2.09%, 0.5%
06/19/2019, 8.36%, 2.42%, 0.32%
06/20/2019, 8.78%, 2.8%, 0.37%
06/21/2019, 8.5%, 2.54%, -0.26%
06/24/2019, 8.58%, 2.63%, 0.09%
06/25/2019, 8.29%, 2.36%, -0.25%
06/26/2019, 8.07%, 2.15%, -0.21%
06/27/2019, 8.48%, 2.54%, 0.38%
06/28/2019, 8.74%, 2.77%, 0.22%
07/01/2019, 9.02%, 0.24%, 0.24%
07/02/2019, 9.24%, 0.44%, 0.2%
07/03/2019, 9.66%, 0.82%, 0.37%
07/05/2019, 9.27%, 0.45%, -0.37%
07/08/2019, 8.97%, 0.18%, -0.26%
07/09/2019, 8.94%, 0.15%, -0.03%
07/10/2019, 9.17%, 0.36%, 0.2%
07/11/2019, 8.98%, 0.17%, -0.19%
07/12/2019, 9.23%, 0.38%, 0.21%
07/15/2019, 9.29%, 0.44%, 0.06%
07/16/2019, 9.1%, 0.27%, -0.17%
07/17/2019, 9.06%, 0.26%, -0.01%
07/18/2019, 9.26%, 0.44%, 0.18%
07/19/2019, 9.04%, 0.25%, -0.19%
07/22/2019, 9.13%, 0.33%, 0.08%
07/23/2019, 9.32%, 0.49%, 0.16%
07/24/2019, 9.61%, 0.73%, 0.24%
07/25/2019, 9.28%, 0.45%, -0.28%
07/26/2019, 9.55%, 0.68%, 0.23%
07/29/2019, 9.46%, 0.6%, -0.07%
07/30/2019, 9.43%, 0.58%, -0.02%
07/31/2019, 9.06%, 0.27%, -0.3%
08/01/2019, 9.2%, 0.18%, 0.18%
08/02/2019, 8.93%, -0.06%, -0.24%
08/05/2019, 8.13%, -0.7%, -0.66%
08/06/2019, 8.65%, -0.25%, 0.47%
08/07/2019, 8.71%, -0.2%, 0.05%
08/08/2019, 9.43%, 0.41%, 0.63%
08/09/2019, 9%, 0.04%, -0.38%
08/12/2019, 8.86%, -0.05%, -0.1%
08/13/2019, 9.23%, 0.25%, 0.31%
08/14/2019, 8.43%, -0.4%, -0.67%
08/15/2019, 8.76%, -0.09%, 0.3%
08/16/2019, 9.27%, 0.33%, 0.45%
08/19/2019, 9.43%, 0.45%, 0.13%
08/20/2019, 9.36%, 0.4%, -0.05%
08/21/2019, 9.56%, 0.56%, 0.17%
08/22/2019, 9.44%, 0.45%, -0.11%
08/23/2019, 8.82%, -0.03%, -0.51%
08/26/2019, 9.07%, 0.16%, 0.22%
08/27/2019, 9.19%, 0.29%, 0.12%
08/28/2019, 9.48%, 0.54%, 0.25%
08/29/2019, 9.83%, 0.82%, 0.3%
08/30/2019, 9.95%, 0.94%, 0.11%
09/03/2019, 9.74%, -0.18%, -0.18%
09/04/2019, 10.25%, 0.27%, 0.46%
09/05/2019, 10.38%, 0.36%, 0.08%
09/06/2019, 10.48%, 0.45%, 0.09%
09/09/2019, 10.2%, 0.18%, -0.26%
09/10/2019, 9.86%, -0.13%, -0.32%
09/11/2019, 10.2%, 0.17%, 0.29%
09/12/2019, 10.2%, 0.16%, -0.02%
09/13/2019, 9.63%, -0.36%, -0.52%
09/16/2019, 9.71%, -0.28%, 0.09%
09/17/2019, 9.93%, -0.08%, 0.2%
09/18/2019, 9.96%, -0.05%, 0.03%
09/19/2019, 10.03%, 0.01%, 0.07%
09/20/2019, 10.13%, 0.12%, 0.11%
09/23/2019, 10.12%, 0.1%, -0.01%
09/24/2019, 9.97%, -0.01%, -0.11%
09/25/2019, 9.86%, -0.13%, -0.13%
09/26/2019, 9.89%, -0.09%, 0.04%
09/27/2019, 9.73%, -0.23%, -0.13%
09/30/2019, 9.96%, -0.03%, 0.2%
10/01/2019, 9.6%, -0.3%, -0.3%
10/02/2019, 8.99%, -0.81%, -0.52%
10/03/2019, 9.54%, -0.32%, 0.5%
10/04/2019, 10.1%, 0.16%, 0.49%
10/07/2019, 9.76%, -0.14%, -0.31%
10/08/2019, 9.3%, -0.53%, -0.39%
10/09/2019, 9.46%, -0.41%, 0.13%
10/10/2019, 9.45%, -0.44%, -0.02%
10/11/2019, 9.71%, -0.23%, 0.21%
10/14/2019, 9.7%, -0.23%, -0%
10/15/2019, 9.97%, -0.01%, 0.22%
10/16/2019, 9.97%, -0%, 0.01%
10/17/2019, 10.06%, 0.07%, 0.07%
10/18/2019, 9.97%, 0%, -0.06%
10/21/2019, 10.13%, 0.12%, 0.12%
10/22/2019, 10.07%, 0.08%, -0.04%
10/23/2019, 10.17%, 0.17%, 0.09%
10/24/2019, 10.27%, 0.25%, 0.08%
10/25/2019, 10.37%, 0.32%, 0.07%
10/28/2019, 10.46%, 0.39%, 0.07%
10/29/2019, 10.46%, 0.39%, -0%
10/30/2019, 10.82%, 0.72%, 0.33%
10/31/2019, 10.92%, 0.83%, 0.11%
11/01/2019, 11.29%, 0.3%, 0.3%
11/04/2019, 11.27%, 0.27%, -0.03%
11/05/2019, 10.99%, 0.01%, -0.26%
11/06/2019, 11.11%, 0.12%, 0.11%
11/07/2019, 10.94%, -0.05%, -0.17%
11/08/2019, 10.95%, -0.05%, -0%
11/11/2019, 10.87%, -0.12%, -0.07%
11/12/2019, 10.99%, -0.02%, 0.1%
11/13/2019, 11.1%, 0.09%, 0.1%
11/14/2019, 11.3%, 0.28%, 0.19%
11/15/2019, 11.56%, 0.49%, 0.2%
11/18/2019, 11.7%, 0.62%, 0.13%
11/19/2019, 11.77%, 0.69%, 0.06%
11/20/2019, 11.75%, 0.67%, -0.01%
11/21/2019, 11.59%, 0.54%, -0.14%
11/22/2019, 11.68%, 0.61%, 0.08%
11/25/2019, 12.05%, 0.92%, 0.3%
11/26/2019, 12.26%, 1.11%, 0.18%
11/27/2019, 12.31%, 1.14%, 0.03%
11/29/2019, 12.1%, 0.96%, -0.17%
12/02/2019, 11.56%, -0.46%, -0.46%
12/03/2019, 11.7%, -0.3%, 0.16%
12/04/2019, 11.85%, -0.19%, 0.11%
12/05/2019, 11.78%, -0.26%, -0.07%
12/06/2019, 12.1%, -0.02%, 0.25%
12/09/2019, 11.97%, -0.12%, -0.11%
12/10/2019, 11.93%, -0.15%, -0.03%
12/11/2019, 12.19%, 0.08%, 0.23%
12/12/2019, 12.23%, 0.07%, -0.01%
12/13/2019, 12.59%, 0.4%, 0.33%
12/16/2019, 12.73%, 0.5%, 0.09%
12/17/2019, 12.76%, 0.52%, 0.02%
12/18/2019, 12.63%, 0.4%, -0.12%
12/19/2019, 12.86%, 0.59%, 0.19%
12/20/2019, 12.96%, 0.66%, 0.07%
12/23/2019, 12.74%, 0.48%, -0.18%
12/24/2019, 12.8%, 0.54%, 0.06%
12/26/2019, 13.07%, 0.76%, 0.22%
12/27/2019, 13.14%, 0.83%, 0.07%
12/30/2019, 12.91%, 0.64%, -0.18%
12/31/2019, 12.91%, 0.63%, -0.02%
