Date, YTD, MTD, Day
01/02/2020, 0.3%, 0.3%, 0.3%
01/03/2020, 0.61%, 0.61%, 0.31%
01/06/2020, 0.54%, 0.54%, -0.07%
01/07/2020, 0.35%, 0.35%, -0.18%
01/08/2020, 0.2%, 0.2%, -0.15%
01/09/2020, 0.32%, 0.32%, 0.12%
01/10/2020, 0.48%, 0.48%, 0.16%
01/13/2020, 0.43%, 0.43%, -0.05%
01/14/2020, 0.6%, 0.6%, 0.17%
01/15/2020, 0.69%, 0.69%, 0.09%
01/16/2020, 0.65%, 0.65%, -0.04%
01/17/2020, 0.58%, 0.58%, -0.07%
01/21/2020, 0.82%, 0.82%, 0.24%
01/22/2020, 0.91%, 0.91%, 0.09%
01/23/2020, 1.08%, 1.08%, 0.17%
01/24/2020, 1.21%, 1.21%, 0.13%
01/27/2020, 1.48%, 1.48%, 0.26%
01/28/2020, 1.35%, 1.35%, -0.12%
01/29/2020, 1.6%, 1.6%, 0.25%
01/30/2020, 1.62%, 1.62%, 0.01%
01/31/2020, 1.79%, 1.79%, 0.17%
02/03/2020, 1.82%, 0.04%, 0.04%
02/04/2020, 1.56%, -0.22%, -0.26%
02/05/2020, 1.35%, -0.42%, -0.2%
02/06/2020, 1.45%, -0.32%, 0.1%
02/07/2020, 1.76%, -0.02%, 0.31%
02/10/2020, 1.89%, 0.1%, 0.12%
02/11/2020, 1.73%, -0.05%, -0.15%
02/12/2020, 1.59%, -0.19%, -0.14%
02/13/2020, 1.67%, -0.11%, 0.08%
02/14/2020, 1.76%, -0.02%, 0.09%
02/18/2020, 1.92%, 0.14%, 0.16%
02/19/2020, 1.95%, 0.17%, 0.02%
02/20/2020, 2.1%, 0.32%, 0.15%
02/21/2020, 2.31%, 0.52%, 0.2%
02/24/2020, 2.48%, 0.68%, 0.17%
02/25/2020, 2.51%, 0.71%, 0.02%
02/26/2020, 2.31%, 0.51%, -0.19%
02/27/2020, 2.37%, 0.57%, 0.04%
02/28/2020, 2.85%, 1.03%, 0.46%
03/02/2020, 2.86%, 0.04%, 0.04%
03/03/2020, 3.51%, 0.65%, 0.62%
03/04/2020, 3.52%, 0.68%, 0.03%
03/05/2020, 3.88%, 1.01%, 0.34%
03/06/2020, 4.57%, 1.67%, 0.65%
03/09/2020, 4.13%, 1.2%, -0.47%
03/10/2020, 3.03%, 0.16%, -1%
03/11/2020, 2.21%, -0.66%, -0.83%
03/12/2020, 0.86%, -2.02%, -1.4%
03/13/2020, 0.67%, -2.17%, -0.07%
03/16/2020, 1.03%, -1.88%, 0.24%
03/17/2020, -0.4%, -3.24%, -1.31%
03/18/2020, -2.17%, -4.98%, -1.83%
03/19/2020, -2.91%, -5.68%, -0.72%
03/20/2020, -1.75%, -4.58%, 1.12%
03/23/2020, -1.08%, -3.94%, 0.64%
03/24/2020, -0.76%, -3.59%, 0.47%
03/25/2020, -0.37%, -3.22%, 0.4%
03/26/2020, 0.46%, -2.38%, 0.9%
03/27/2020, 1.18%, -1.7%, 0.68%
03/30/2020, 1.3%, -1.57%, 0.15%
03/31/2020, 1.41%, -1.47%, 0.1%
04/01/2020, 1.41%, -0.06%, -0.06%
04/02/2020, 1.57%, 0.12%, 0.18%
04/03/2020, 1.51%, 0.04%, -0.08%
04/06/2020, 1.68%, 0.29%, 0.26%
04/07/2020, 1.68%, 0.29%, 0%
04/08/2020, 1.73%, 0.38%, 0.09%
04/09/2020, 2.41%, 1.06%, 0.67%
04/13/2020, 2.53%, 1.17%, 0.11%
04/14/2020, 2.83%, 1.49%, 0.31%
04/15/2020, 3.24%, 1.86%, 0.38%
04/16/2020, 3.43%, 2.05%, 0.19%
04/17/2020, 3.29%, 1.95%, -0.11%
04/20/2020, 3.31%, 1.95%, 0%
04/21/2020, 3.26%, 1.87%, -0.07%
04/22/2020, 3.27%, 1.9%, 0.03%
04/23/2020, 3.36%, 1.99%, 0.09%
04/24/2020, 3.5%, 2.14%, 0.15%
04/27/2020, 3.15%, 1.82%, -0.32%
04/28/2020, 3.39%, 2.06%, 0.24%
04/29/2020, 3.6%, 2.3%, 0.23%
04/30/2020, 3.38%, 2.06%, -0.23%
05/01/2020, 3.34%, -0.06%, -0.06%
05/04/2020, 3.27%, -0.12%, -0.06%
05/05/2020, 3.22%, -0.16%, -0.04%
05/06/2020, 2.85%, -0.52%, -0.36%
05/07/2020, 3.25%, -0.13%, 0.4%
05/08/2020, 2.99%, -0.37%, -0.24%
05/11/2020, 2.73%, -0.62%, -0.25%
05/12/2020, 2.81%, -0.55%, 0.06%
05/13/2020, 2.9%, -0.48%, 0.07%
05/14/2020, 3.11%, -0.27%, 0.21%
05/15/2020, 3.13%, -0.25%, 0.02%
05/18/2020, 3.02%, -0.33%, -0.08%
05/19/2020, 3.23%, -0.13%, 0.2%
05/20/2020, 3.49%, 0.12%, 0.25%
05/21/2020, 3.54%, 0.17%, 0.05%
05/22/2020, 3.64%, 0.26%, 0.09%
05/26/2020, 3.62%, 0.26%, -0.01%
05/27/2020, 3.69%, 0.34%, 0.08%
05/28/2020, 3.68%, 0.32%, -0.01%
05/29/2020, 3.96%, 0.6%, 0.27%
06/01/2020, 3.98%, 0.03%, 0.03%
06/02/2020, 4.03%, 0.08%, 0.05%
06/03/2020, 3.84%, -0.09%, -0.17%
06/04/2020, 3.66%, -0.27%, -0.18%
06/05/2020, 3.69%, -0.22%, 0.05%
06/08/2020, 3.93%, 0.01%, 0.23%
06/09/2020, 4.14%, 0.21%, 0.2%
06/10/2020, 4.45%, 0.51%, 0.3%
06/11/2020, 4.25%, 0.28%, -0.21%
06/12/2020, 4.14%, 0.18%, -0.09%
06/15/2020, 4.1%, 0.15%, -0.04%
06/16/2020, 4.27%, 0.32%, 0.18%
06/17/2020, 4.26%, 0.3%, -0.02%
06/18/2020, 4.43%, 0.47%, 0.17%
06/19/2020, 4.49%, 0.53%, 0.05%
06/22/2020, 4.44%, 0.48%, -0.05%
06/23/2020, 4.37%, 0.42%, -0.06%
06/24/2020, 4.31%, 0.34%, -0.07%
06/25/2020, 4.37%, 0.4%, 0.06%
06/26/2020, 4.52%, 0.53%, 0.13%
06/29/2020, 4.5%, 0.52%, -0.01%
06/30/2020, 4.56%, 0.59%, 0.07%
07/01/2020, 4.59%, 0.02%, 0.02%
07/02/2020, 4.78%, 0.21%, 0.19%
07/06/2020, 4.77%, 0.21%, -0%
07/07/2020, 5.06%, 0.48%, 0.27%
07/08/2020, 5.02%, 0.45%, -0.04%
07/09/2020, 5.25%, 0.66%, 0.21%
07/10/2020, 5.13%, 0.55%, -0.11%
07/13/2020, 5.16%, 0.58%, 0.03%
07/14/2020, 5.22%, 0.64%, 0.07%
07/15/2020, 5.28%, 0.7%, 0.06%
07/16/2020, 5.43%, 0.84%, 0.14%
07/17/2020, 5.45%, 0.86%, 0.02%
07/20/2020, 5.58%, 0.99%, 0.12%
07/21/2020, 5.68%, 1.08%, 0.09%
07/22/2020, 5.87%, 1.27%, 0.19%
07/23/2020, 5.99%, 1.38%, 0.11%
07/24/2020, 5.87%, 1.26%, -0.12%
07/27/2020, 5.83%, 1.22%, -0.04%
07/28/2020, 5.96%, 1.35%, 0.13%
07/29/2020, 6.03%, 1.42%, 0.07%
07/30/2020, 6.1%, 1.48%, 0.06%
07/31/2020, 6.2%, 1.58%, 0.1%
08/03/2020, 6.25%, 0.04%, 0.04%
08/04/2020, 6.44%, 0.23%, 0.18%
08/05/2020, 6.3%, 0.1%, -0.12%
08/06/2020, 6.5%, 0.29%, 0.18%
08/07/2020, 6.42%, 0.21%, -0.08%
08/10/2020, 6.25%, 0.06%, -0.15%
08/11/2020, 5.96%, -0.22%, -0.28%
08/12/2020, 5.77%, -0.39%, -0.17%
08/13/2020, 5.51%, -0.64%, -0.25%
08/14/2020, 5.42%, -0.72%, -0.09%
08/17/2020, 5.44%, -0.7%, 0.02%
08/18/2020, 5.54%, -0.61%, 0.09%
08/19/2020, 5.43%, -0.71%, -0.1%
08/20/2020, 5.61%, -0.54%, 0.17%
08/21/2020, 5.71%, -0.45%, 0.09%
08/24/2020, 5.67%, -0.48%, -0.03%
08/25/2020, 5.52%, -0.62%, -0.14%
08/26/2020, 5.48%, -0.66%, -0.04%
08/27/2020, 5.15%, -0.97%, -0.32%
08/28/2020, 5.18%, -0.94%, 0.03%
08/31/2020, 5.34%, -0.79%, 0.15%
09/01/2020, 5.73%, 0.37%, 0.37%
09/02/2020, 5.97%, 0.6%, 0.23%
09/03/2020, 5.87%, 0.5%, -0.09%
09/04/2020, 5.4%, 0.06%, -0.44%
09/08/2020, 5.35%, 0.01%, -0.05%
09/09/2020, 5.28%, -0.06%, -0.06%
09/10/2020, 5.28%, -0.06%, 0%
09/11/2020, 5.37%, 0.03%, 0.08%
09/14/2020, 5.45%, 0.1%, 0.08%
09/15/2020, 5.39%, 0.05%, -0.05%
09/16/2020, 5.38%, 0.03%, -0.01%
09/17/2020, 5.42%, 0.08%, 0.04%
09/18/2020, 5.28%, -0.05%, -0.13%
09/21/2020, 5.22%, -0.11%, -0.07%
09/22/2020, 5.26%, -0.07%, 0.04%
09/23/2020, 5.14%, -0.18%, -0.12%
09/24/2020, 5.05%, -0.27%, -0.09%
09/25/2020, 5.13%, -0.2%, 0.08%
09/28/2020, 5.12%, -0.2%, 0%
09/29/2020, 5.19%, -0.14%, 0.06%
09/30/2020, 5.05%, -0.27%, -0.13%
10/01/2020, 5.18%, 0.12%, 0.12%
10/02/2020, 5.05%, -0%, -0.12%
10/05/2020, 4.72%, -0.32%, -0.32%
10/06/2020, 4.83%, -0.22%, 0.11%
10/07/2020, 4.74%, -0.29%, -0.08%
10/08/2020, 4.87%, -0.17%, 0.12%
10/09/2020, 4.92%, -0.13%, 0.04%
10/12/2020, 5.08%, 0.03%, 0.15%
10/13/2020, 5.22%, 0.16%, 0.14%
10/14/2020, 5.27%, 0.21%, 0.05%
10/15/2020, 5.18%, 0.12%, -0.09%
10/16/2020, 5.18%, 0.12%, -0%
10/19/2020, 4.93%, -0.12%, -0.23%
10/20/2020, 4.78%, -0.26%, -0.14%
10/21/2020, 4.68%, -0.36%, -0.1%
10/22/2020, 4.54%, -0.49%, -0.14%
10/23/2020, 4.64%, -0.39%, 0.1%
10/26/2020, 4.72%, -0.32%, 0.07%
10/27/2020, 4.87%, -0.17%, 0.15%
10/28/2020, 4.7%, -0.34%, -0.17%
10/29/2020, 4.49%, -0.53%, -0.19%
10/30/2020, 4.17%, -0.84%, -0.31%
11/02/2020, 4.4%, 0.23%, 0.23%
11/03/2020, 4.42%, 0.24%, 0.01%
11/04/2020, 5.12%, 0.92%, 0.68%
11/05/2020, 5.41%, 1.2%, 0.27%
11/06/2020, 5.15%, 0.95%, -0.25%
11/09/2020, 4.87%, 0.68%, -0.27%
11/10/2020, 4.61%, 0.44%, -0.25%
11/11/2020, 4.74%, 0.56%, 0.12%
11/12/2020, 5.03%, 0.84%, 0.28%
11/13/2020, 5.1%, 0.91%, 0.07%
11/16/2020, 5.08%, 0.9%, -0.02%
11/17/2020, 5.33%, 1.13%, 0.24%
11/18/2020, 5.36%, 1.16%, 0.04%
11/19/2020, 5.48%, 1.27%, 0.11%
11/20/2020, 5.62%, 1.41%, 0.14%
11/23/2020, 5.58%, 1.37%, -0.04%
11/24/2020, 5.58%, 1.38%, -0%
11/25/2020, 5.49%, 1.29%, -0.09%
11/27/2020, 5.77%, 1.56%, 0.27%
11/30/2020, 5.73%, 1.52%, -0.03%
12/01/2020, 5.54%, -0.19%, -0.19%
12/02/2020, 5.46%, -0.27%, -0.08%
12/03/2020, 5.64%, -0.09%, 0.17%
12/04/2020, 5.35%, -0.37%, -0.28%
12/07/2020, 5.61%, -0.13%, 0.24%
12/08/2020, 5.63%, -0.11%, 0.02%
12/09/2020, 5.41%, -0.32%, -0.21%
12/10/2020, 5.59%, -0.14%, 0.17%
12/11/2020, 5.75%, 0.01%, 0.15%
12/14/2020, 5.65%, -0.09%, -0.09%
12/15/2020, 5.72%, -0.02%, 0.06%
12/16/2020, 5.65%, -0.09%, -0.07%
12/17/2020, 5.69%, -0.05%, 0.04%
12/18/2020, 5.67%, -0.07%, -0.02%
12/21/2020, 5.65%, -0.09%, -0.02%
12/22/2020, 5.65%, -0.09%, -0%
12/23/2020, 5.47%, -0.26%, -0.17%
12/24/2020, 5.57%, -0.17%, 0.09%
12/28/2020, 5.6%, -0.14%, 0.03%
12/29/2020, 5.58%, -0.16%, -0.01%
12/30/2020, 5.68%, -0.06%, 0.1%
12/31/2020, 5.79%, 0.04%, 0.1%
