Date, YTD, MTD, Day
01/02/2015, 0.24%, 0.24%, 0.24%
01/05/2015, 0.31%, 0.31%, 0.07%
01/06/2015, 0.55%, 0.55%, 0.23%
01/07/2015, 0.66%, 0.66%, 0.12%
01/08/2015, 0.58%, 0.58%, -0.07%
01/09/2015, 0.75%, 0.75%, 0.17%
01/12/2015, 0.85%, 0.85%, 0.09%
01/13/2015, 0.83%, 0.83%, -0.01%
01/14/2015, 0.95%, 0.95%, 0.11%
01/15/2015, 1.27%, 1.27%, 0.32%
01/16/2015, 0.99%, 0.99%, -0.27%
01/20/2015, 1.16%, 1.16%, 0.17%
01/21/2015, 0.96%, 0.96%, -0.2%
01/22/2015, 1.03%, 1.03%, 0.06%
01/23/2015, 1.31%, 1.31%, 0.28%
01/26/2015, 1.27%, 1.27%, -0.04%
01/27/2015, 1.17%, 1.17%, -0.11%
01/28/2015, 1.45%, 1.45%, 0.28%
01/29/2015, 1.37%, 1.37%, -0.07%
01/30/2015, 1.66%, 1.66%, 0.27%
02/02/2015, 1.69%, 0.04%, 0.04%
02/03/2015, 1.42%, -0.22%, -0.26%
02/04/2015, 1.47%, -0.18%, 0.04%
02/05/2015, 1.41%, -0.23%, -0.05%
02/06/2015, 0.79%, -0.83%, -0.61%
02/09/2015, 0.75%, -0.88%, -0.04%
02/10/2015, 0.68%, -0.94%, -0.07%
02/11/2015, 0.67%, -0.95%, -0%
02/12/2015, 0.78%, -0.84%, 0.1%
02/13/2015, 0.66%, -0.95%, -0.12%
02/17/2015, 0.35%, -1.26%, -0.31%
02/18/2015, 0.61%, -1%, 0.26%
02/19/2015, 0.43%, -1.17%, -0.17%
02/20/2015, 0.5%, -1.11%, 0.06%
02/23/2015, 0.74%, -0.87%, 0.24%
02/24/2015, 1.1%, -0.52%, 0.36%
02/25/2015, 1.18%, -0.44%, 0.08%
02/26/2015, 0.84%, -0.77%, -0.34%
02/27/2015, 1.06%, -0.56%, 0.22%
03/02/2015, 0.7%, -0.35%, -0.35%
03/03/2015, 0.57%, -0.48%, -0.13%
03/04/2015, 0.53%, -0.52%, -0.04%
03/05/2015, 0.55%, -0.51%, 0.01%
03/06/2015, -0.09%, -1.14%, -0.63%
03/09/2015, 0.11%, -0.94%, 0.2%
03/10/2015, 0.19%, -0.85%, 0.08%
03/11/2015, 0.27%, -0.77%, 0.08%
03/12/2015, 0.4%, -0.65%, 0.13%
03/13/2015, 0.25%, -0.79%, -0.14%
03/16/2015, 0.55%, -0.5%, 0.29%
03/17/2015, 0.52%, -0.52%, -0.02%
03/18/2015, 1.23%, 0.18%, 0.71%
03/19/2015, 1.02%, -0.04%, -0.21%
03/20/2015, 1.29%, 0.23%, 0.26%
03/23/2015, 1.36%, 0.3%, 0.07%
03/24/2015, 1.43%, 0.37%, 0.07%
03/25/2015, 1.03%, -0.02%, -0.39%
03/26/2015, 0.67%, -0.38%, -0.35%
03/27/2015, 0.95%, -0.1%, 0.28%
03/30/2015, 1.07%, 0.01%, 0.12%
03/31/2015, 1.07%, 0.01%, 0%
04/01/2015, 1.37%, 0.3%, 0.3%
04/02/2015, 1.25%, 0.18%, -0.12%
04/06/2015, 1.32%, 0.25%, 0.07%
04/07/2015, 1.38%, 0.31%, 0.06%
04/08/2015, 1.42%, 0.35%, 0.04%
04/09/2015, 1.12%, 0.05%, -0.29%
04/10/2015, 1.25%, 0.18%, 0.13%
04/13/2015, 1.3%, 0.23%, 0.04%
04/14/2015, 1.48%, 0.41%, 0.18%
04/15/2015, 1.54%, 0.46%, 0.05%
04/16/2015, 1.53%, 0.46%, -0%
04/17/2015, 1.49%, 0.42%, -0.04%
04/20/2015, 1.41%, 0.34%, -0.08%
04/21/2015, 1.32%, 0.25%, -0.08%
04/22/2015, 1.04%, -0.03%, -0.28%
04/23/2015, 1.24%, 0.17%, 0.19%
04/24/2015, 1.42%, 0.35%, 0.18%
04/27/2015, 1.29%, 0.22%, -0.12%
04/28/2015, 1.07%, 0%, -0.22%
04/29/2015, 0.77%, -0.29%, -0.29%
04/30/2015, 0.66%, -0.4%, -0.11%
05/01/2015, 0.43%, -0.23%, -0.23%
05/04/2015, 0.29%, -0.37%, -0.14%
05/05/2015, 0.08%, -0.58%, -0.2%
05/06/2015, -0.19%, -0.85%, -0.28%
05/07/2015, 0.01%, -0.65%, 0.2%
05/08/2015, 0.31%, -0.36%, 0.3%
05/11/2015, -0.23%, -0.89%, -0.54%
05/12/2015, -0.26%, -0.92%, -0.03%
05/13/2015, -0.34%, -1%, -0.08%
05/14/2015, -0.06%, -0.73%, 0.27%
05/15/2015, 0.36%, -0.3%, 0.43%
05/18/2015, 0.06%, -0.6%, -0.3%
05/19/2015, -0.28%, -0.94%, -0.34%
05/20/2015, -0.2%, -0.86%, 0.08%
05/21/2015, 0.16%, -0.51%, 0.36%
05/22/2015, -0.03%, -0.69%, -0.19%
05/26/2015, 0.18%, -0.48%, 0.23%
05/27/2015, 0.28%, -0.38%, 0.09%
05/28/2015, 0.27%, -0.4%, -0.01%
05/29/2015, 0.2%, -0.46%, -0.06%
06/01/2015, -0.03%, -0.23%, -0.23%
06/02/2015, -0.36%, -0.57%, -0.33%
06/03/2015, -0.75%, -0.95%, -0.38%
06/04/2015, -0.59%, -0.79%, 0.16%
06/05/2015, -1.01%, -1.21%, -0.43%
06/08/2015, -0.99%, -1.19%, 0.02%
06/09/2015, -1.16%, -1.36%, -0.17%
06/10/2015, -1.28%, -1.49%, -0.13%
06/11/2015, -0.85%, -1.05%, 0.44%
06/12/2015, -1%, -1.2%, -0.15%
06/15/2015, -0.96%, -1.16%, 0.04%
06/16/2015, -0.75%, -0.94%, 0.22%
06/17/2015, -0.73%, -0.93%, 0.02%
06/18/2015, -0.71%, -0.91%, 0.01%
06/19/2015, -0.51%, -0.71%, 0.21%
06/22/2015, -0.85%, -1.06%, -0.35%
06/23/2015, -1%, -1.21%, -0.15%
06/24/2015, -0.92%, -1.12%, 0.09%
06/25/2015, -1.16%, -1.36%, -0.24%
06/26/2015, -1.42%, -1.62%, -0.26%
06/29/2015, -1.06%, -1.25%, 0.37%
06/30/2015, -1.11%, -1.31%, -0.05%
07/01/2015, -1.38%, -0.27%, -0.27%
07/02/2015, -1.22%, -0.11%, 0.16%
07/06/2015, -0.95%, 0.17%, 0.29%
07/07/2015, -0.74%, 0.38%, 0.21%
07/08/2015, -0.66%, 0.46%, 0.08%
07/09/2015, -1.12%, -0%, -0.46%
07/10/2015, -1.32%, -0.21%, -0.2%
07/13/2015, -1.38%, -0.27%, -0.06%
07/14/2015, -1.16%, -0.05%, 0.22%
07/15/2015, -1.01%, 0.1%, 0.15%
07/16/2015, -0.86%, 0.26%, 0.16%
07/17/2015, -0.86%, 0.26%, -0%
07/20/2015, -1.02%, 0.09%, -0.17%
07/21/2015, -0.9%, 0.21%, 0.13%
07/22/2015, -0.84%, 0.27%, 0.06%
07/23/2015, -0.73%, 0.39%, 0.11%
07/24/2015, -0.84%, 0.27%, -0.11%
07/27/2015, -0.75%, 0.37%, 0.1%
07/28/2015, -0.8%, 0.32%, -0.05%
07/29/2015, -0.81%, 0.31%, -0.01%
07/30/2015, -0.72%, 0.4%, 0.09%
07/31/2015, -0.48%, 0.64%, 0.25%
08/03/2015, -0.34%, 0.13%, 0.13%
08/04/2015, -0.69%, -0.22%, -0.35%
08/05/2015, -0.82%, -0.35%, -0.13%
08/06/2015, -0.74%, -0.26%, 0.09%
08/07/2015, -0.6%, -0.12%, 0.14%
08/10/2015, -0.72%, -0.25%, -0.12%
08/11/2015, -0.41%, 0.07%, 0.32%
08/12/2015, -0.49%, -0.01%, -0.08%
08/13/2015, -0.75%, -0.27%, -0.26%
08/14/2015, -0.71%, -0.24%, 0.04%
08/17/2015, -0.57%, -0.1%, 0.14%
08/18/2015, -0.77%, -0.3%, -0.2%
08/19/2015, -0.53%, -0.05%, 0.25%
08/20/2015, -0.67%, -0.18%, -0.13%
08/21/2015, -0.79%, -0.29%, -0.12%
08/24/2015, -1.17%, -0.66%, -0.4%
08/25/2015, -1.59%, -1.09%, -0.43%
08/26/2015, -1.61%, -1.11%, 0.01%
08/27/2015, -1.38%, -0.89%, 0.24%
08/28/2015, -1.36%, -0.87%, 0.02%
08/31/2015, -1.6%, -1.11%, -0.24%
09/01/2015, -1.63%, -0.04%, -0.04%
09/02/2015, -1.64%, -0.04%, 0.01%
09/03/2015, -1.46%, 0.14%, 0.18%
09/04/2015, -1.44%, 0.16%, 0.02%
09/08/2015, -1.54%, 0.07%, -0.09%
09/09/2015, -1.57%, 0.03%, -0.03%
09/10/2015, -1.61%, -0.01%, -0.04%
09/11/2015, -1.48%, 0.12%, 0.13%
09/14/2015, -1.52%, 0.08%, -0.04%
09/15/2015, -1.82%, -0.22%, -0.3%
09/16/2015, -1.73%, -0.13%, 0.09%
09/17/2015, -1.33%, 0.28%, 0.41%
09/18/2015, -1.16%, 0.45%, 0.17%
09/21/2015, -1.46%, 0.15%, -0.3%
09/22/2015, -1.34%, 0.26%, 0.11%
09/23/2015, -1.45%, 0.15%, -0.11%
09/24/2015, -1.45%, 0.15%, -0.01%
09/25/2015, -1.63%, -0.03%, -0.18%
09/28/2015, -1.62%, -0.03%, -0.01%
09/29/2015, -1.54%, 0.06%, 0.08%
09/30/2015, -1.45%, 0.15%, 0.11%
10/01/2015, -1.35%, 0.1%, 0.1%
10/02/2015, -0.96%, 0.5%, 0.4%
10/05/2015, -1.03%, 0.44%, -0.06%
10/06/2015, -0.98%, 0.49%, 0.05%
10/07/2015, -0.97%, 0.51%, 0.01%
10/08/2015, -1.05%, 0.43%, -0.08%
10/09/2015, -1.04%, 0.44%, 0.01%
10/12/2015, -0.79%, 0.7%, 0.25%
10/13/2015, -0.86%, 0.61%, -0.08%
10/14/2015, -0.58%, 0.9%, 0.29%
10/15/2015, -0.59%, 0.9%, -0.01%
10/16/2015, -0.64%, 0.85%, -0.05%
10/19/2015, -0.64%, 0.85%, 0%
10/20/2015, -0.82%, 0.67%, -0.18%
10/21/2015, -0.72%, 0.76%, 0.1%
10/22/2015, -0.5%, 1%, 0.23%
10/23/2015, -0.57%, 0.94%, -0.07%
10/26/2015, -0.51%, 0.99%, 0.06%
10/27/2015, -0.46%, 1.03%, 0.04%
10/28/2015, -0.58%, 0.92%, -0.12%
10/29/2015, -0.94%, 0.56%, -0.36%
10/30/2015, -0.9%, 0.6%, 0.04%
11/02/2015, -0.85%, 0.04%, 0.04%
11/03/2015, -0.99%, -0.1%, -0.14%
11/04/2015, -1.1%, -0.21%, -0.11%
11/05/2015, -1.12%, -0.22%, -0.01%
11/06/2015, -1.53%, -0.65%, -0.42%
11/09/2015, -1.72%, -0.83%, -0.18%
11/10/2015, -1.62%, -0.73%, 0.1%
11/11/2015, -1.73%, -0.85%, -0.12%
11/12/2015, -1.79%, -0.9%, -0.06%
11/13/2015, -1.73%, -0.84%, 0.07%
11/16/2015, -1.6%, -0.71%, 0.13%
11/17/2015, -1.6%, -0.71%, -0.01%
11/18/2015, -1.45%, -0.56%, 0.15%
11/19/2015, -1.29%, -0.4%, 0.16%
11/20/2015, -1.34%, -0.45%, -0.05%
11/23/2015, -1.35%, -0.46%, -0.01%
11/24/2015, -1.33%, -0.44%, 0.02%
11/25/2015, -1.32%, -0.43%, 0.01%
11/27/2015, -1.23%, -0.34%, 0.09%
11/30/2015, -1.27%, -0.38%, -0.04%
12/01/2015, -0.84%, 0.44%, 0.44%
12/02/2015, -1.03%, 0.25%, -0.19%
12/03/2015, -1.75%, -0.48%, -0.72%
12/04/2015, -1.41%, -0.14%, 0.34%
12/07/2015, -1.33%, -0.05%, 0.09%
12/08/2015, -1.4%, -0.12%, -0.07%
12/09/2015, -1.47%, -0.2%, -0.08%
12/10/2015, -1.53%, -0.26%, -0.06%
12/11/2015, -1.39%, -0.12%, 0.14%
12/14/2015, -1.78%, -0.51%, -0.39%
12/15/2015, -1.92%, -0.66%, -0.14%
12/16/2015, -1.86%, -0.6%, 0.06%
12/17/2015, -1.75%, -0.48%, 0.12%
12/18/2015, -1.88%, -0.61%, -0.13%
12/21/2015, -1.81%, -0.54%, 0.07%
12/22/2015, -1.98%, -0.71%, -0.17%
12/23/2015, -1.93%, -0.67%, 0.05%
12/24/2015, -1.86%, -0.6%, 0.07%
12/28/2015, -1.89%, -0.62%, -0.03%
12/29/2015, -2.12%, -0.86%, -0.23%
12/30/2015, -2.19%, -0.93%, -0.07%
12/31/2015, -2.11%, -0.85%, 0.08%
