Date, YTD, MTD, Day
01/02/2013, 0.55%, 0.55%, 0.55%
01/03/2013, 0.33%, 0.33%, -0.21%
01/04/2013, 0.5%, 0.5%, 0.16%
01/07/2013, 0.47%, 0.47%, -0.03%
01/08/2013, 0.43%, 0.43%, -0.04%
01/09/2013, 0.47%, 0.47%, 0.04%
01/10/2013, 0.65%, 0.65%, 0.17%
01/11/2013, 0.77%, 0.77%, 0.12%
01/14/2013, 0.76%, 0.76%, -0.01%
01/15/2013, 0.8%, 0.8%, 0.03%
01/16/2013, 0.83%, 0.83%, 0.03%
01/17/2013, 0.85%, 0.85%, 0.01%
01/18/2013, 0.99%, 0.99%, 0.14%
01/22/2013, 1.17%, 1.17%, 0.18%
01/23/2013, 1.19%, 1.19%, 0.01%
01/24/2013, 1.16%, 1.16%, -0.03%
01/25/2013, 1.09%, 1.09%, -0.08%
01/28/2013, 0.95%, 0.95%, -0.14%
01/29/2013, 1.05%, 1.05%, 0.09%
01/30/2013, 0.92%, 0.92%, -0.12%
01/31/2013, 0.89%, 0.89%, -0.03%
02/01/2013, 1.12%, 0.21%, 0.21%
02/04/2013, 0.87%, -0.02%, -0.23%
02/05/2013, 1.09%, 0.19%, 0.21%
02/06/2013, 1.18%, 0.27%, 0.09%
02/07/2013, 1.09%, 0.2%, -0.08%
02/08/2013, 1.28%, 0.37%, 0.18%
02/11/2013, 1.25%, 0.34%, -0.03%
02/12/2013, 1.26%, 0.35%, 0.01%
02/13/2013, 1.18%, 0.27%, -0.08%
02/14/2013, 1.31%, 0.4%, 0.13%
02/15/2013, 1.27%, 0.36%, -0.04%
02/19/2013, 1.46%, 0.54%, 0.17%
02/20/2013, 1.05%, 0.14%, -0.39%
02/21/2013, 0.86%, -0.03%, -0.17%
02/22/2013, 1.16%, 0.26%, 0.29%
02/25/2013, 0.91%, 0.04%, -0.22%
02/26/2013, 1.03%, 0.14%, 0.11%
02/27/2013, 1.35%, 0.45%, 0.3%
02/28/2013, 1.39%, 0.49%, 0.04%
03/01/2013, 1.51%, 0.12%, 0.12%
03/04/2013, 1.56%, 0.16%, 0.04%
03/05/2013, 1.87%, 0.45%, 0.3%
03/06/2013, 1.8%, 0.37%, -0.08%
03/07/2013, 1.68%, 0.26%, -0.12%
03/08/2013, 1.65%, 0.21%, -0.05%
03/11/2013, 1.81%, 0.36%, 0.15%
03/12/2013, 1.78%, 0.34%, -0.02%
03/13/2013, 1.81%, 0.36%, 0.02%
03/14/2013, 2.02%, 0.57%, 0.2%
03/15/2013, 2.04%, 0.59%, 0.03%
03/18/2013, 1.96%, 0.52%, -0.06%
03/19/2013, 1.93%, 0.5%, -0.02%
03/20/2013, 2.03%, 0.58%, 0.08%
03/21/2013, 1.7%, 0.27%, -0.3%
03/22/2013, 1.89%, 0.46%, 0.18%
03/25/2013, 1.77%, 0.34%, -0.11%
03/26/2013, 2.01%, 0.57%, 0.22%
03/27/2013, 2.12%, 0.68%, 0.11%
03/28/2013, 2.12%, 0.67%, -0.01%
04/01/2013, 1.99%, -0.12%, -0.12%
04/02/2013, 2.05%, -0.06%, 0.05%
04/03/2013, 1.83%, -0.25%, -0.19%
04/04/2013, 2.16%, 0.07%, 0.32%
04/05/2013, 2.22%, 0.13%, 0.06%
04/08/2013, 2.29%, 0.19%, 0.06%
04/09/2013, 2.4%, 0.29%, 0.1%
04/10/2013, 2.63%, 0.49%, 0.2%
04/11/2013, 2.82%, 0.66%, 0.18%
04/12/2013, 2.91%, 0.76%, 0.1%
04/15/2013, 2.15%, 0.08%, -0.68%
04/16/2013, 2.57%, 0.46%, 0.38%
04/17/2013, 2.07%, -0.01%, -0.47%
04/18/2013, 1.94%, -0.11%, -0.11%
04/19/2013, 2.19%, 0.1%, 0.22%
04/22/2013, 2.39%, 0.29%, 0.19%
04/23/2013, 2.67%, 0.55%, 0.26%
04/24/2013, 2.75%, 0.62%, 0.07%
04/25/2013, 2.91%, 0.77%, 0.15%
04/26/2013, 2.96%, 0.83%, 0.06%
04/29/2013, 3.22%, 1.07%, 0.24%
04/30/2013, 3.29%, 1.13%, 0.06%
05/01/2013, 3.15%, -0.1%, -0.1%
05/02/2013, 3.37%, 0.08%, 0.19%
05/03/2013, 3.41%, 0.08%, 0%
05/06/2013, 3.47%, 0.13%, 0.05%
05/07/2013, 3.59%, 0.24%, 0.1%
05/08/2013, 3.77%, 0.4%, 0.17%
05/09/2013, 3.55%, 0.2%, -0.21%
05/10/2013, 3.51%, 0.14%, -0.06%
05/13/2013, 3.42%, 0.05%, -0.09%
05/14/2013, 3.61%, 0.21%, 0.15%
05/15/2013, 3.83%, 0.41%, 0.19%
05/16/2013, 3.77%, 0.37%, -0.03%
05/17/2013, 3.91%, 0.47%, 0.09%
05/20/2013, 3.86%, 0.43%, -0.04%
05/21/2013, 4.05%, 0.61%, 0.18%
05/22/2013, 3.47%, 0.06%, -0.54%
05/23/2013, 3.31%, -0.08%, -0.14%
05/24/2013, 3.24%, -0.14%, -0.06%
05/28/2013, 3.01%, -0.4%, -0.27%
05/29/2013, 2.88%, -0.5%, -0.09%
05/30/2013, 2.97%, -0.43%, 0.06%
05/31/2013, 2.41%, -0.94%, -0.5%
06/03/2013, 2.57%, 0.14%, 0.14%
06/04/2013, 2.3%, -0.12%, -0.26%
06/05/2013, 1.94%, -0.42%, -0.3%
06/06/2013, 2.22%, -0.18%, 0.25%
06/07/2013, 2.33%, -0.11%, 0.07%
06/10/2013, 2.22%, -0.23%, -0.12%
06/11/2013, 1.91%, -0.49%, -0.26%
06/12/2013, 1.47%, -0.91%, -0.42%
06/13/2013, 2.22%, -0.21%, 0.71%
06/14/2013, 2.08%, -0.33%, -0.12%
06/17/2013, 2.28%, -0.15%, 0.18%
06/18/2013, 2.47%, 0%, 0.15%
06/19/2013, 1.59%, -0.83%, -0.83%
06/20/2013, 0.32%, -2.01%, -1.19%
06/21/2013, -0.26%, -2.59%, -0.59%
06/24/2013, -0.88%, -3.17%, -0.6%
06/25/2013, -0.62%, -2.95%, 0.23%
06/26/2013, -0.14%, -2.5%, 0.47%
06/27/2013, 0.4%, -1.98%, 0.53%
06/28/2013, 0.37%, -2%, -0.02%
07/01/2013, 0.67%, 0.28%, 0.28%
07/02/2013, 0.62%, 0.24%, -0.04%
07/03/2013, 0.55%, 0.16%, -0.07%
07/05/2013, 0.16%, -0.28%, -0.45%
07/08/2013, 0.58%, 0.12%, 0.41%
07/09/2013, 0.89%, 0.41%, 0.28%
07/10/2013, 0.79%, 0.31%, -0.1%
07/11/2013, 1.65%, 1.14%, 0.82%
07/12/2013, 1.71%, 1.19%, 0.05%
07/15/2013, 1.93%, 1.41%, 0.21%
07/16/2013, 1.88%, 1.37%, -0.03%
07/17/2013, 2.12%, 1.61%, 0.23%
07/18/2013, 2.18%, 1.65%, 0.03%
07/19/2013, 2.41%, 1.88%, 0.23%
07/22/2013, 2.56%, 2.02%, 0.14%
07/23/2013, 2.48%, 1.95%, -0.07%
07/24/2013, 2.14%, 1.62%, -0.32%
07/25/2013, 2.28%, 1.74%, 0.12%
07/26/2013, 2.3%, 1.77%, 0.03%
07/29/2013, 2.07%, 1.55%, -0.21%
07/30/2013, 2.05%, 1.51%, -0.03%
07/31/2013, 2.12%, 1.59%, 0.07%
08/01/2013, 2.24%, 0.05%, 0.05%
08/02/2013, 2.64%, 0.45%, 0.41%
08/05/2013, 2.5%, 0.31%, -0.15%
08/06/2013, 2.27%, 0.12%, -0.19%
08/07/2013, 2.19%, 0.05%, -0.06%
08/08/2013, 2.44%, 0.28%, 0.23%
08/09/2013, 2.37%, 0.23%, -0.06%
08/12/2013, 2.3%, 0.15%, -0.08%
08/13/2013, 2.07%, -0.1%, -0.25%
08/14/2013, 1.93%, -0.22%, -0.12%
08/15/2013, 1.29%, -0.79%, -0.58%
08/16/2013, 1%, -1.07%, -0.28%
08/19/2013, 0.59%, -1.46%, -0.4%
08/20/2013, 0.91%, -1.15%, 0.31%
08/21/2013, 0.43%, -1.62%, -0.47%
08/22/2013, 0.74%, -1.35%, 0.28%
08/23/2013, 1.16%, -0.95%, 0.41%
08/26/2013, 1.16%, -0.93%, 0.02%
08/27/2013, 0.77%, -1.22%, -0.3%
08/28/2013, 0.65%, -1.37%, -0.14%
08/29/2013, 0.88%, -1.15%, 0.22%
08/30/2013, 0.65%, -1.36%, -0.22%
09/03/2013, 0.6%, -0.07%, -0.07%
09/04/2013, 0.75%, 0.04%, 0.11%
09/05/2013, 0.49%, -0.25%, -0.29%
09/06/2013, 0.73%, 0.01%, 0.25%
09/09/2013, 1.26%, 0.5%, 0.48%
09/10/2013, 1.36%, 0.55%, 0.05%
09/11/2013, 1.66%, 0.85%, 0.3%
09/12/2013, 1.52%, 0.73%, -0.12%
09/13/2013, 1.68%, 0.88%, 0.15%
09/16/2013, 1.95%, 1.13%, 0.24%
09/17/2013, 2.18%, 1.34%, 0.21%
09/18/2013, 3.11%, 2.24%, 0.88%
09/19/2013, 2.98%, 2.12%, -0.12%
09/20/2013, 2.56%, 1.74%, -0.35%
09/23/2013, 2.55%, 1.76%, 0.02%
09/24/2013, 2.62%, 1.85%, 0.09%
09/25/2013, 2.7%, 1.93%, 0.09%
09/26/2013, 2.7%, 1.92%, -0.02%
09/27/2013, 2.63%, 1.87%, -0.04%
09/30/2013, 2.44%, 1.69%, -0.17%
10/01/2013, 2.68%, 0.19%, 0.19%
10/02/2013, 2.71%, 0.23%, 0.04%
10/03/2013, 2.43%, -0%, -0.23%
10/04/2013, 2.59%, 0.11%, 0.12%
10/07/2013, 2.35%, -0.08%, -0.19%
10/08/2013, 1.86%, -0.51%, -0.43%
10/09/2013, 1.8%, -0.56%, -0.06%
10/10/2013, 2.53%, 0.05%, 0.63%
10/11/2013, 2.78%, 0.26%, 0.21%
10/14/2013, 2.85%, 0.32%, 0.05%
10/15/2013, 2.62%, 0.12%, -0.19%
10/16/2013, 3.26%, 0.7%, 0.57%
10/17/2013, 3.73%, 1.14%, 0.43%
10/18/2013, 4.04%, 1.41%, 0.27%
10/21/2013, 3.98%, 1.35%, -0.06%
10/22/2013, 4.45%, 1.8%, 0.45%
10/23/2013, 4.23%, 1.61%, -0.18%
10/24/2013, 4.31%, 1.67%, 0.05%
10/25/2013, 4.48%, 1.82%, 0.15%
10/28/2013, 4.43%, 1.76%, -0.06%
10/29/2013, 4.65%, 1.97%, 0.2%
10/30/2013, 4.4%, 1.74%, -0.22%
10/31/2013, 4.26%, 1.62%, -0.11%
11/01/2013, 4.1%, -0.17%, -0.17%
11/04/2013, 4.26%, -0.05%, 0.13%
11/05/2013, 3.99%, -0.29%, -0.25%
11/06/2013, 4.19%, -0.12%, 0.18%
11/07/2013, 3.75%, -0.47%, -0.35%
11/08/2013, 3.79%, -0.52%, -0.05%
11/11/2013, 3.76%, -0.56%, -0.05%
11/12/2013, 3.68%, -0.63%, -0.06%
11/13/2013, 4.08%, -0.27%, 0.35%
11/14/2013, 4.38%, 0%, 0.28%
11/15/2013, 4.64%, 0.23%, 0.22%
11/18/2013, 4.63%, 0.25%, 0.03%
11/19/2013, 4.41%, 0.04%, -0.21%
11/20/2013, 4.07%, -0.27%, -0.32%
11/21/2013, 4.37%, -0.04%, 0.23%
11/22/2013, 4.67%, 0.24%, 0.27%
11/25/2013, 4.61%, 0.19%, -0.05%
11/26/2013, 4.7%, 0.28%, 0.09%
11/27/2013, 4.75%, 0.3%, 0.02%
11/29/2013, 4.75%, 0.3%, 0.01%
12/02/2013, 4.43%, -0.3%, -0.3%
12/03/2013, 4.33%, -0.37%, -0.07%
12/04/2013, 4.09%, -0.62%, -0.25%
12/05/2013, 3.89%, -0.79%, -0.17%
12/06/2013, 4.34%, -0.41%, 0.38%
12/09/2013, 4.47%, -0.3%, 0.12%
12/10/2013, 4.48%, -0.26%, 0.04%
12/11/2013, 3.91%, -0.74%, -0.49%
12/12/2013, 3.67%, -0.97%, -0.23%
12/13/2013, 3.75%, -0.89%, 0.08%
12/16/2013, 3.99%, -0.69%, 0.2%
12/17/2013, 4.02%, -0.64%, 0.05%
12/18/2013, 4.45%, -0.33%, 0.31%
12/19/2013, 4.12%, -0.61%, -0.28%
12/20/2013, 4.48%, -0.3%, 0.32%
12/23/2013, 4.52%, -0.31%, -0.01%
12/24/2013, 4.5%, -0.36%, -0.05%
12/26/2013, 4.59%, -0.3%, 0.06%
12/27/2013, 4.62%, -0.27%, 0.03%
12/30/2013, 4.78%, -0.11%, 0.16%
12/31/2013, 4.8%, -0.13%, -0.02%
