Date, YTD, MTD, Day
01/03/2012, 0.71%, 0.71%, 0.71%
01/04/2012, 0.59%, 0.59%, -0.12%
01/05/2012, 0.44%, 0.44%, -0.15%
01/06/2012, 0.36%, 0.36%, -0.08%
01/09/2012, 0.53%, 0.53%, 0.17%
01/10/2012, 0.96%, 0.96%, 0.42%
01/11/2012, 1.1%, 1.1%, 0.14%
01/12/2012, 1.24%, 1.24%, 0.14%
01/13/2012, 1.09%, 1.09%, -0.14%
01/17/2012, 1.44%, 1.44%, 0.34%
01/18/2012, 1.85%, 1.85%, 0.39%
01/19/2012, 2.04%, 2.04%, 0.18%
01/20/2012, 2%, 2%, -0.05%
01/23/2012, 2.07%, 2.07%, 0.06%
01/24/2012, 1.99%, 1.99%, -0.08%
01/25/2012, 2.52%, 2.52%, 0.51%
01/26/2012, 2.63%, 2.63%, 0.12%
01/27/2012, 2.74%, 2.74%, 0.11%
01/30/2012, 2.59%, 2.59%, -0.13%
01/31/2012, 2.77%, 2.77%, 0.18%
02/01/2012, 3.27%, 0.46%, 0.46%
02/02/2012, 3.43%, 0.62%, 0.16%
02/03/2012, 3.85%, 1.01%, 0.38%
02/06/2012, 3.87%, 1.03%, 0.02%
02/07/2012, 3.82%, 0.98%, -0.05%
02/08/2012, 3.96%, 1.1%, 0.12%
02/09/2012, 3.96%, 1.11%, 0%
02/10/2012, 3.57%, 0.74%, -0.35%
02/13/2012, 3.96%, 1.1%, 0.36%
02/14/2012, 3.86%, 1.02%, -0.08%
02/15/2012, 3.78%, 0.94%, -0.08%
02/16/2012, 4.16%, 1.3%, 0.35%
02/17/2012, 4.21%, 1.34%, 0.04%
02/21/2012, 4.14%, 1.27%, -0.08%
02/22/2012, 4.18%, 1.32%, 0.05%
02/23/2012, 4.43%, 1.55%, 0.23%
02/24/2012, 4.63%, 1.74%, 0.18%
02/27/2012, 4.63%, 1.75%, 0.02%
02/28/2012, 4.88%, 1.98%, 0.22%
02/29/2012, 4.56%, 1.68%, -0.29%
03/01/2012, 4.78%, 0.18%, 0.18%
03/02/2012, 4.68%, 0.12%, -0.06%
03/05/2012, 4.35%, -0.19%, -0.31%
03/06/2012, 3.5%, -0.94%, -0.75%
03/07/2012, 3.76%, -0.72%, 0.23%
03/08/2012, 4.3%, -0.25%, 0.48%
03/09/2012, 4.37%, -0.19%, 0.07%
03/12/2012, 4.29%, -0.26%, -0.07%
03/13/2012, 4.82%, 0.2%, 0.46%
03/14/2012, 4.3%, -0.29%, -0.49%
03/15/2012, 4.64%, 0.02%, 0.31%
03/16/2012, 4.77%, 0.13%, 0.11%
03/19/2012, 4.76%, 0.11%, -0.03%
03/20/2012, 4.44%, -0.17%, -0.28%
03/21/2012, 4.5%, -0.11%, 0.07%
03/22/2012, 4.2%, -0.37%, -0.26%
03/23/2012, 4.4%, -0.18%, 0.19%
03/26/2012, 4.96%, 0.32%, 0.5%
03/27/2012, 4.95%, 0.32%, 0.01%
03/28/2012, 4.65%, 0.04%, -0.27%
03/29/2012, 4.6%, 0.01%, -0.03%
03/30/2012, 4.57%, -0.03%, -0.04%
04/02/2012, 5.03%, 0.41%, 0.41%
04/03/2012, 4.5%, -0.08%, -0.49%
04/04/2012, 3.93%, -0.58%, -0.5%
04/05/2012, 3.98%, -0.53%, 0.06%
04/09/2012, 3.9%, -0.56%, -0.03%
04/10/2012, 3.14%, -1.23%, -0.69%
04/11/2012, 3.43%, -0.98%, 0.26%
04/12/2012, 4.06%, -0.43%, 0.58%
04/13/2012, 3.59%, -0.82%, -0.41%
04/16/2012, 3.66%, -0.77%, 0.06%
04/17/2012, 4.3%, -0.19%, 0.59%
04/18/2012, 4.09%, -0.38%, -0.19%
04/19/2012, 3.93%, -0.52%, -0.14%
04/20/2012, 4.09%, -0.38%, 0.14%
04/23/2012, 3.62%, -0.79%, -0.42%
04/24/2012, 3.71%, -0.72%, 0.08%
04/25/2012, 4.29%, -0.2%, 0.53%
04/26/2012, 4.61%, 0.08%, 0.29%
04/27/2012, 4.76%, 0.22%, 0.14%
04/30/2012, 4.62%, 0.1%, -0.11%
05/01/2012, 4.75%, 0.11%, 0.11%
05/02/2012, 4.68%, 0.05%, -0.06%
05/03/2012, 4.36%, -0.23%, -0.28%
05/04/2012, 3.76%, -0.77%, -0.54%
05/07/2012, 3.83%, -0.7%, 0.07%
05/08/2012, 3.48%, -1.01%, -0.32%
05/09/2012, 3.12%, -1.34%, -0.34%
05/10/2012, 3.21%, -1.26%, 0.09%
05/11/2012, 3.1%, -1.36%, -0.1%
05/14/2012, 2.58%, -1.82%, -0.48%
05/15/2012, 2.18%, -2.18%, -0.38%
05/16/2012, 1.88%, -2.45%, -0.29%
05/17/2012, 1.4%, -2.87%, -0.46%
05/18/2012, 1.02%, -3.23%, -0.38%
05/21/2012, 1.62%, -2.7%, 0.59%
05/22/2012, 1.53%, -2.78%, -0.08%
05/23/2012, 1.43%, -2.87%, -0.1%
05/24/2012, 1.37%, -2.93%, -0.06%
05/25/2012, 1.33%, -2.96%, -0.04%
05/29/2012, 1.81%, -2.54%, 0.47%
05/30/2012, 1.33%, -2.94%, -0.46%
05/31/2012, 1.45%, -2.83%, 0.12%
06/01/2012, 0.67%, -0.76%, -0.76%
06/04/2012, 0.53%, -0.89%, -0.13%
06/05/2012, 0.69%, -0.74%, 0.16%
06/06/2012, 1.46%, 0.02%, 0.78%
06/07/2012, 1.56%, 0.12%, 0.1%
06/08/2012, 1.69%, 0.24%, 0.11%
06/11/2012, 1.27%, -0.17%, -0.4%
06/12/2012, 1.68%, 0.24%, 0.41%
06/13/2012, 1.52%, 0.08%, -0.15%
06/14/2012, 1.83%, 0.38%, 0.3%
06/15/2012, 2.42%, 0.96%, 0.58%
06/18/2012, 2.54%, 1.08%, 0.12%
06/19/2012, 2.98%, 1.51%, 0.42%
06/20/2012, 2.94%, 1.48%, -0.04%
06/21/2012, 2.03%, 0.58%, -0.85%
06/22/2012, 2%, 0.56%, -0.03%
06/25/2012, 1.46%, 0.02%, -0.52%
06/26/2012, 1.61%, 0.17%, 0.15%
06/27/2012, 2.04%, 0.59%, 0.42%
06/28/2012, 2%, 0.56%, -0.03%
06/29/2012, 3.13%, 1.66%, 1.09%
07/02/2012, 3.47%, 0.33%, 0.33%
07/03/2012, 3.8%, 0.65%, 0.31%
07/05/2012, 3.56%, 0.42%, -0.22%
07/06/2012, 3.21%, 0.09%, -0.32%
07/09/2012, 3.2%, 0.09%, -0.01%
07/10/2012, 2.9%, -0.19%, -0.28%
07/11/2012, 2.92%, -0.17%, 0.02%
07/12/2012, 2.7%, -0.38%, -0.21%
07/13/2012, 3.32%, 0.2%, 0.59%
07/16/2012, 3.34%, 0.22%, 0.02%
07/17/2012, 3.54%, 0.42%, 0.2%
07/18/2012, 3.83%, 0.68%, 0.27%
07/19/2012, 4.05%, 0.89%, 0.21%
07/20/2012, 3.59%, 0.46%, -0.43%
07/23/2012, 3.07%, -0.03%, -0.49%
07/24/2012, 2.71%, -0.36%, -0.34%
07/25/2012, 2.85%, -0.22%, 0.14%
07/26/2012, 3.55%, 0.43%, 0.68%
07/27/2012, 4.15%, 0.99%, 0.56%
07/30/2012, 4.28%, 1.11%, 0.12%
07/31/2012, 4.18%, 1.02%, -0.09%
08/01/2012, 3.92%, -0.24%, -0.24%
08/02/2012, 3.62%, -0.52%, -0.28%
08/03/2012, 4.41%, 0.21%, 0.74%
08/06/2012, 4.64%, 0.43%, 0.21%
08/07/2012, 4.76%, 0.54%, 0.1%
08/08/2012, 4.74%, 0.51%, -0.03%
08/09/2012, 4.77%, 0.54%, 0.03%
08/10/2012, 4.9%, 0.67%, 0.12%
08/13/2012, 4.8%, 0.57%, -0.1%
08/14/2012, 4.63%, 0.41%, -0.16%
08/15/2012, 4.53%, 0.3%, -0.11%
08/16/2012, 4.8%, 0.55%, 0.23%
08/17/2012, 4.94%, 0.68%, 0.13%
08/20/2012, 4.95%, 0.69%, 0.01%
08/21/2012, 4.94%, 0.69%, -0%
08/22/2012, 5.22%, 0.96%, 0.27%
08/23/2012, 4.95%, 0.71%, -0.23%
08/24/2012, 5.08%, 0.83%, 0.11%
08/27/2012, 5.12%, 0.87%, 0.04%
08/28/2012, 5.08%, 0.83%, -0.03%
08/29/2012, 5.04%, 0.79%, -0.04%
08/30/2012, 4.73%, 0.5%, -0.27%
08/31/2012, 5.18%, 0.93%, 0.42%
09/04/2012, 5.11%, -0.07%, -0.07%
09/05/2012, 4.98%, -0.19%, -0.12%
09/06/2012, 5.74%, 0.49%, 0.68%
09/07/2012, 6.11%, 0.83%, 0.33%
09/10/2012, 5.85%, 0.59%, -0.23%
09/11/2012, 6%, 0.73%, 0.13%
09/12/2012, 6.11%, 0.82%, 0.09%
09/13/2012, 6.87%, 1.51%, 0.67%
09/14/2012, 7.03%, 1.65%, 0.12%
09/17/2012, 6.92%, 1.56%, -0.08%
09/18/2012, 6.84%, 1.49%, -0.06%
09/19/2012, 6.98%, 1.62%, 0.13%
09/20/2012, 6.85%, 1.5%, -0.12%
09/21/2012, 6.51%, 1.19%, -0.29%
09/24/2012, 6.48%, 1.17%, -0.01%
09/25/2012, 6.15%, 0.88%, -0.28%
09/26/2012, 5.9%, 0.66%, -0.22%
09/27/2012, 6.34%, 1.05%, 0.39%
09/28/2012, 6.02%, 0.75%, -0.29%
10/01/2012, 6.24%, 0.21%, 0.21%
10/02/2012, 6.29%, 0.25%, 0.05%
10/03/2012, 6.34%, 0.29%, 0.04%
10/04/2012, 6.59%, 0.51%, 0.21%
10/05/2012, 6.5%, 0.42%, -0.09%
10/08/2012, 6.28%, 0.22%, -0.19%
10/09/2012, 5.82%, -0.19%, -0.41%
10/10/2012, 5.64%, -0.35%, -0.15%
10/11/2012, 5.84%, -0.16%, 0.19%
10/12/2012, 5.76%, -0.22%, -0.06%
10/15/2012, 6.11%, 0.09%, 0.31%
10/16/2012, 6.51%, 0.44%, 0.35%
10/17/2012, 6.63%, 0.53%, 0.09%
10/18/2012, 6.46%, 0.37%, -0.16%
10/19/2012, 5.96%, -0.06%, -0.42%
10/22/2012, 5.95%, -0.07%, -0.01%
10/23/2012, 5.42%, -0.53%, -0.45%
10/24/2012, 5.25%, -0.69%, -0.16%
10/25/2012, 5.32%, -0.64%, 0.05%
10/26/2012, 5.41%, -0.54%, 0.09%
10/29/2012, 5.41%, -0.54%, 0%
10/30/2012, 5.41%, -0.54%, 0%
10/31/2012, 5.58%, -0.38%, 0.16%
11/01/2012, 6.02%, 0.39%, 0.39%
11/02/2012, 5.59%, 0%, -0.39%
11/05/2012, 5.72%, 0.12%, 0.12%
11/06/2012, 5.9%, 0.27%, 0.15%
11/07/2012, 5.23%, -0.31%, -0.58%
11/08/2012, 4.87%, -0.62%, -0.31%
11/09/2012, 4.86%, -0.64%, -0.02%
11/12/2012, 4.85%, -0.64%, -0.01%
11/13/2012, 4.73%, -0.75%, -0.11%
11/14/2012, 4.11%, -1.31%, -0.57%
11/15/2012, 4.08%, -1.34%, -0.03%
11/16/2012, 4.23%, -1.21%, 0.13%
11/19/2012, 4.95%, -0.56%, 0.67%
11/20/2012, 4.86%, -0.66%, -0.09%
11/21/2012, 4.98%, -0.55%, 0.11%
11/23/2012, 5.6%, 0.01%, 0.56%
11/26/2012, 5.55%, -0.03%, -0.04%
11/27/2012, 5.39%, -0.17%, -0.14%
11/28/2012, 5.73%, 0.13%, 0.3%
11/29/2012, 6.07%, 0.44%, 0.31%
11/30/2012, 6.1%, 0.47%, 0.03%
12/03/2012, 5.97%, -0.12%, -0.12%
12/04/2012, 6.05%, -0.04%, 0.09%
12/05/2012, 6.17%, 0.06%, 0.1%
12/06/2012, 6.3%, 0.18%, 0.11%
12/07/2012, 6.33%, 0.21%, 0.03%
12/10/2012, 6.39%, 0.26%, 0.05%
12/11/2012, 6.62%, 0.46%, 0.2%
12/12/2012, 6.6%, 0.42%, -0.04%
12/13/2012, 6.3%, 0.16%, -0.27%
12/14/2012, 6.33%, 0.19%, 0.04%
12/17/2012, 6.56%, 0.38%, 0.18%
12/18/2012, 6.91%, 0.68%, 0.29%
12/19/2012, 6.38%, 0.22%, -0.45%
12/20/2012, 6.66%, 0.46%, 0.24%
12/21/2012, 6.04%, -0.11%, -0.57%
12/24/2012, 5.95%, -0.19%, -0.08%
12/26/2012, 5.89%, -0.24%, -0.05%
12/27/2012, 5.98%, -0.15%, 0.09%
12/28/2012, 5.65%, -0.44%, -0.29%
12/31/2012, 6.18%, 0.02%, 0.46%
