Date, YTD, MTD, Day
01/04/2021, -0.15%, -0.15%, -0.15%
01/05/2021, -0.22%, -0.22%, -0.07%
01/06/2021, -0.6%, -0.6%, -0.38%
01/07/2021, -0.67%, -0.67%, -0.07%
01/08/2021, -0.7%, -0.7%, -0.03%
01/11/2021, -0.91%, -0.91%, -0.21%
01/12/2021, -0.87%, -0.87%, 0.03%
01/13/2021, -0.55%, -0.55%, 0.32%
01/14/2021, -0.72%, -0.72%, -0.17%
01/15/2021, -0.65%, -0.65%, 0.08%
01/19/2021, -0.48%, -0.48%, 0.16%
01/20/2021, -0.35%, -0.35%, 0.13%
01/21/2021, -0.52%, -0.52%, -0.17%
01/22/2021, -0.53%, -0.53%, -0.01%
01/25/2021, -0.27%, -0.27%, 0.26%
01/26/2021, -0.3%, -0.3%, -0.03%
01/27/2021, -0.57%, -0.57%, -0.26%
01/28/2021, -0.55%, -0.55%, 0.02%
01/29/2021, -0.88%, -0.88%, -0.34%
02/01/2021, -0.64%, 0.25%, 0.25%
02/02/2021, -0.64%, 0.24%, -0.01%
02/03/2021, -0.78%, 0.1%, -0.14%
02/04/2021, -0.66%, 0.22%, 0.12%
02/05/2021, -0.76%, 0.13%, -0.1%
02/08/2021, -0.66%, 0.22%, 0.09%
02/09/2021, -0.58%, 0.3%, 0.08%
02/10/2021, -0.43%, 0.46%, 0.15%
02/11/2021, -0.48%, 0.4%, -0.05%
02/12/2021, -0.74%, 0.14%, -0.26%
02/16/2021, -1.14%, -0.26%, -0.41%
02/17/2021, -1%, -0.13%, 0.14%
02/18/2021, -1.07%, -0.19%, -0.06%
02/19/2021, -1.36%, -0.48%, -0.3%
02/22/2021, -1.69%, -0.82%, -0.33%
02/23/2021, -1.77%, -0.9%, -0.08%
02/24/2021, -1.8%, -0.93%, -0.04%
02/25/2021, -2.7%, -1.84%, -0.9%
02/26/2021, -2.04%, -1.17%, 0.69%
03/01/2021, -1.94%, 0.09%, 0.09%
03/02/2021, -1.96%, 0.07%, -0.02%
03/03/2021, -2.34%, -0.31%, -0.38%
03/04/2021, -2.82%, -0.79%, -0.48%
03/05/2021, -2.71%, -0.69%, 0.11%
03/08/2021, -3.07%, -1.06%, -0.37%
03/09/2021, -2.67%, -0.66%, 0.4%
03/10/2021, -2.53%, -0.51%, 0.15%
03/11/2021, -2.39%, -0.38%, 0.13%
03/12/2021, -2.83%, -0.84%, -0.46%
03/15/2021, -2.68%, -0.68%, 0.15%
03/16/2021, -2.8%, -0.8%, -0.12%
03/17/2021, -2.84%, -0.85%, -0.05%
03/18/2021, -3.34%, -1.35%, -0.5%
03/19/2021, -3.25%, -1.26%, 0.09%
03/22/2021, -2.96%, -0.96%, 0.3%
03/23/2021, -2.84%, -0.84%, 0.13%
03/24/2021, -2.89%, -0.88%, -0.04%
03/25/2021, -2.9%, -0.89%, -0.01%
03/26/2021, -2.88%, -0.88%, 0%
03/29/2021, -3.08%, -1.09%, -0.21%
03/30/2021, -3.09%, -1.09%, -0%
03/31/2021, -3.11%, -1.12%, -0.03%
04/01/2021, -2.59%, 0.53%, 0.53%
04/05/2021, -2.61%, 0.5%, -0.04%
04/06/2021, -2.37%, 0.74%, 0.24%
04/07/2021, -2.46%, 0.65%, -0.09%
04/08/2021, -2.24%, 0.87%, 0.22%
04/09/2021, -2.25%, 0.86%, -0.01%
04/12/2021, -2.33%, 0.78%, -0.08%
04/13/2021, -2.06%, 1.06%, 0.28%
04/14/2021, -2.17%, 0.94%, -0.11%
04/15/2021, -1.66%, 1.46%, 0.51%
04/16/2021, -1.86%, 1.24%, -0.21%
04/19/2021, -1.94%, 1.17%, -0.07%
04/20/2021, -1.95%, 1.17%, -0%
04/21/2021, -1.76%, 1.36%, 0.19%
04/22/2021, -1.76%, 1.36%, 0%
04/23/2021, -1.71%, 1.41%, 0.04%
04/26/2021, -1.67%, 1.44%, 0.04%
04/27/2021, -1.9%, 1.2%, -0.24%
04/28/2021, -1.91%, 1.19%, -0.01%
04/29/2021, -1.86%, 1.24%, 0.05%
04/30/2021, -1.87%, 1.24%, 0%
05/03/2021, -1.85%, 0.02%, 0.02%
05/04/2021, -1.86%, 0.02%, -0%
05/05/2021, -1.79%, 0.09%, 0.07%
05/06/2021, -1.65%, 0.23%, 0.14%
05/07/2021, -1.55%, 0.32%, 0.09%
05/10/2021, -1.92%, -0.05%, -0.36%
05/11/2021, -2.16%, -0.28%, -0.23%
05/12/2021, -2.72%, -0.83%, -0.55%
05/13/2021, -2.52%, -0.64%, 0.2%
05/14/2021, -2.1%, -0.23%, 0.41%
05/17/2021, -2.21%, -0.34%, -0.1%
05/18/2021, -2.29%, -0.41%, -0.07%
05/19/2021, -2.48%, -0.6%, -0.19%
05/20/2021, -2.13%, -0.25%, 0.35%
05/21/2021, -2.13%, -0.26%, -0%
05/24/2021, -1.87%, -0%, 0.26%
05/25/2021, -1.67%, 0.21%, 0.21%
05/26/2021, -1.7%, 0.17%, -0.04%
05/27/2021, -1.83%, 0.04%, -0.14%
05/28/2021, -1.74%, 0.12%, 0.09%
06/01/2021, -1.81%, -0.07%, -0.07%
06/02/2021, -1.72%, 0.02%, 0.09%
06/03/2021, -1.93%, -0.19%, -0.21%
06/04/2021, -1.52%, 0.22%, 0.41%
06/07/2021, -1.58%, 0.15%, -0.07%
06/08/2021, -1.41%, 0.33%, 0.18%
06/09/2021, -1.21%, 0.54%, 0.21%
06/10/2021, -1.01%, 0.74%, 0.2%
06/11/2021, -1.05%, 0.7%, -0.05%
06/14/2021, -1.19%, 0.55%, -0.15%
06/15/2021, -1.29%, 0.44%, -0.11%
06/16/2021, -1.58%, 0.15%, -0.29%
06/17/2021, -1.28%, 0.47%, 0.31%
06/18/2021, -1.12%, 0.66%, 0.19%
06/21/2021, -1.27%, 0.48%, -0.18%
06/22/2021, -1.13%, 0.61%, 0.13%
06/23/2021, -1.24%, 0.5%, -0.11%
06/24/2021, -1.17%, 0.57%, 0.07%
06/25/2021, -1.28%, 0.44%, -0.12%
06/28/2021, -1.03%, 0.7%, 0.26%
06/29/2021, -0.96%, 0.78%, 0.08%
06/30/2021, -0.95%, 0.78%, 0.01%
07/01/2021, -0.89%, 0.05%, 0.05%
07/02/2021, -0.67%, 0.27%, 0.22%
07/06/2021, -0.39%, 0.56%, 0.29%
