Date, YTD, MTD, Day
01/04/2021, -0.28%, -0.28%, -0.28%
01/05/2021, 0.12%, 0.12%, 0.41%
01/06/2021, 0.1%, 0.1%, -0.02%
01/07/2021, 0.47%, 0.47%, 0.36%
01/08/2021, 0.79%, 0.79%, 0.31%
01/11/2021, 0.32%, 0.32%, -0.46%
01/12/2021, 0.53%, 0.53%, 0.21%
01/13/2021, 0.75%, 0.75%, 0.22%
01/14/2021, 0.78%, 0.78%, 0.03%
01/15/2021, 0.38%, 0.38%, -0.39%
01/19/2021, 0.87%, 0.87%, 0.49%
01/20/2021, 1.38%, 1.38%, 0.5%
01/21/2021, 1.27%, 1.27%, -0.11%
01/22/2021, 1.09%, 1.09%, -0.17%
01/25/2021, 1.32%, 1.32%, 0.23%
01/26/2021, 1.17%, 1.17%, -0.14%
01/27/2021, 0.09%, 0.09%, -1.05%
01/28/2021, 0.39%, 0.39%, 0.3%
01/29/2021, -0.62%, -0.62%, -0.99%
02/01/2021, 0.23%, 0.85%, 0.85%
02/02/2021, 0.69%, 1.31%, 0.45%
02/03/2021, 0.73%, 1.35%, 0.04%
02/04/2021, 1.02%, 1.64%, 0.28%
02/05/2021, 1.19%, 1.81%, 0.16%
02/08/2021, 1.6%, 2.22%, 0.39%
02/09/2021, 1.77%, 2.4%, 0.17%
02/10/2021, 1.87%, 2.5%, 0.1%
02/11/2021, 2.01%, 2.64%, 0.13%
02/12/2021, 2.04%, 2.67%, 0.02%
02/16/2021, 1.94%, 2.56%, -0.12%
02/17/2021, 1.89%, 2.51%, -0.04%
02/18/2021, 1.56%, 2.18%, -0.31%
02/19/2021, 1.5%, 2.12%, -0.07%
02/22/2021, 0.95%, 1.57%, -0.53%
02/23/2021, 0.92%, 1.54%, -0.03%
02/24/2021, 1.1%, 1.72%, 0.17%
02/25/2021, -0.25%, 0.36%, -1.31%
02/26/2021, -0.29%, 0.33%, -0%
03/01/2021, 0.65%, 0.91%, 0.91%
03/02/2021, 0.41%, 0.67%, -0.23%
03/03/2021, -0.12%, 0.15%, -0.51%
03/04/2021, -1.03%, -0.74%, -0.89%
03/05/2021, -0.47%, -0.2%, 0.55%
03/08/2021, -1.07%, -0.79%, -0.59%
03/09/2021, -0.2%, 0.06%, 0.86%
03/10/2021, 0.08%, 0.34%, 0.28%
03/11/2021, 0.72%, 0.96%, 0.61%
03/12/2021, 0.41%, 0.64%, -0.32%
03/15/2021, 0.66%, 0.89%, 0.24%
03/16/2021, 0.57%, 0.8%, -0.08%
03/17/2021, 0.69%, 0.91%, 0.11%
03/18/2021, -0.12%, 0.11%, -0.78%
03/19/2021, -0.08%, 0.15%, 0.04%
03/22/2021, 0.25%, 0.49%, 0.33%
03/23/2021, -0.22%, 0.03%, -0.44%
03/24/2021, -0.69%, -0.42%, -0.45%
03/25/2021, -0.46%, -0.2%, 0.22%
03/26/2021, 0.17%, 0.41%, 0.6%
03/29/2021, -0.11%, 0.13%, -0.27%
03/30/2021, -0.12%, 0.12%, -0.01%
03/31/2021, -0.07%, 0.16%, 0.04%
04/01/2021, 0.76%, 0.81%, 0.81%
04/05/2021, 1.17%, 1.2%, 0.38%
04/06/2021, 1.26%, 1.29%, 0.1%
04/07/2021, 1.14%, 1.17%, -0.11%
04/08/2021, 1.54%, 1.57%, 0.39%
04/09/2021, 1.63%, 1.64%, 0.07%
04/12/2021, 1.45%, 1.46%, -0.18%
04/13/2021, 1.8%, 1.82%, 0.35%
04/14/2021, 1.7%, 1.72%, -0.09%
04/15/2021, 2.4%, 2.4%, 0.67%
04/16/2021, 2.48%, 2.46%, 0.05%
04/19/2021, 2.25%, 2.25%, -0.21%
04/20/2021, 1.79%, 1.81%, -0.42%
04/21/2021, 2.29%, 2.29%, 0.46%
04/22/2021, 2.07%, 2.09%, -0.19%
04/23/2021, 2.59%, 2.59%, 0.48%
04/26/2021, 2.72%, 2.7%, 0.11%
04/27/2021, 2.53%, 2.51%, -0.19%
04/28/2021, 2.6%, 2.58%, 0.06%
04/29/2021, 2.71%, 2.68%, 0.1%
04/30/2021, 2.23%, 2.23%, -0.43%
05/03/2021, 2.43%, 0.18%, 0.18%
05/04/2021, 1.99%, -0.21%, -0.39%
05/05/2021, 2.26%, 0.04%, 0.25%
05/06/2021, 2.64%, 0.4%, 0.36%
05/07/2021, 3.12%, 0.84%, 0.44%
05/10/2021, 2.53%, 0.28%, -0.55%
05/11/2021, 2%, -0.21%, -0.49%
05/12/2021, 0.79%, -1.34%, -1.14%
05/13/2021, 1.19%, -0.98%, 0.38%
05/14/2021, 2.12%, -0.11%, 0.89%
05/17/2021, 1.99%, -0.23%, -0.13%
05/18/2021, 1.95%, -0.25%, -0.03%
05/19/2021, 1.58%, -0.61%, -0.35%
05/20/2021, 2.29%, 0.06%, 0.67%
05/21/2021, 2.22%, -0.01%, -0.07%
05/24/2021, 2.7%, 0.44%, 0.45%
05/25/2021, 2.82%, 0.57%, 0.12%
05/26/2021, 2.93%, 0.67%, 0.1%
05/27/2021, 2.99%, 0.71%, 0.04%
05/28/2021, 3.14%, 0.86%, 0.14%
06/01/2021, 3.31%, 0.14%, 0.14%
06/02/2021, 3.46%, 0.28%, 0.14%
06/03/2021, 3.11%, -0.04%, -0.33%
06/04/2021, 3.72%, 0.54%, 0.58%
06/07/2021, 3.72%, 0.53%, -0.01%
06/08/2021, 3.82%, 0.63%, 0.1%
06/09/2021, 3.81%, 0.64%, 0.01%
06/10/2021, 4.12%, 0.93%, 0.29%
06/11/2021, 4.17%, 0.97%, 0.04%
06/14/2021, 4.17%, 0.96%, -0.02%
06/15/2021, 4.02%, 0.81%, -0.14%
06/16/2021, 3.56%, 0.38%, -0.43%
06/17/2021, 3.61%, 0.45%, 0.07%
06/18/2021, 2.89%, -0.18%, -0.62%
06/21/2021, 3.29%, 0.16%, 0.34%
06/22/2021, 3.49%, 0.35%, 0.19%
06/23/2021, 3.27%, 0.14%, -0.2%
06/24/2021, 3.67%, 0.5%, 0.36%
06/25/2021, 3.76%, 0.57%, 0.07%
06/28/2021, 3.85%, 0.67%, 0.1%
06/29/2021, 3.86%, 0.69%, 0.02%
06/30/2021, 3.73%, 0.56%, -0.13%
07/01/2021, 3.84%, 0.1%, 0.1%
07/02/2021, 4.16%, 0.4%, 0.3%
07/06/2021, 4.1%, 0.36%, -0.04%
