Date, YTD, MTD, Day
01/02/2015, 0.06%, 0.06%, 0.06%
01/05/2015, -0.83%, -0.83%, -0.89%
01/06/2015, -1.19%, -1.19%, -0.36%
01/07/2015, -0.61%, -0.61%, 0.59%
01/08/2015, 0.18%, 0.18%, 0.81%
01/09/2015, -0.1%, -0.1%, -0.28%
01/12/2015, -0.35%, -0.35%, -0.26%
01/13/2015, -0.35%, -0.35%, -0%
01/14/2015, -0.53%, -0.53%, -0.18%
01/15/2015, -0.62%, -0.62%, -0.1%
01/16/2015, -0.17%, -0.17%, 0.47%
01/20/2015, -0.02%, -0.02%, 0.15%
01/21/2015, 0.15%, 0.15%, 0.18%
01/22/2015, 0.79%, 0.79%, 0.65%
01/23/2015, 0.73%, 0.73%, -0.07%
01/26/2015, 0.99%, 0.99%, 0.26%
01/27/2015, 0.52%, 0.52%, -0.46%
01/28/2015, 0.05%, 0.05%, -0.48%
01/29/2015, 0.43%, 0.43%, 0.39%
01/30/2015, -0.08%, -0.08%, -0.52%
02/02/2015, 0.51%, 0.6%, 0.6%
02/03/2015, 1.12%, 1.24%, 0.62%
02/04/2015, 0.91%, 1.02%, -0.21%
02/05/2015, 1.43%, 1.55%, 0.51%
02/06/2015, 0.83%, 0.95%, -0.59%
02/09/2015, 0.58%, 0.71%, -0.24%
02/10/2015, 0.97%, 1.11%, 0.39%
02/11/2015, 0.9%, 1.03%, -0.07%
02/12/2015, 1.53%, 1.68%, 0.63%
02/13/2015, 1.76%, 1.92%, 0.22%
02/17/2015, 1.7%, 1.86%, -0.06%
02/18/2015, 1.91%, 2.07%, 0.21%
02/19/2015, 1.8%, 1.96%, -0.11%
02/20/2015, 2.17%, 2.33%, 0.35%
02/23/2015, 2.22%, 2.38%, 0.06%
02/24/2015, 2.57%, 2.73%, 0.35%
02/25/2015, 2.65%, 2.81%, 0.08%
02/26/2015, 2.4%, 2.56%, -0.25%
02/27/2015, 2.4%, 2.56%, 0.01%
03/02/2015, 2.45%, 0.04%, 0.04%
03/03/2015, 2.14%, -0.26%, -0.3%
03/04/2015, 1.9%, -0.49%, -0.23%
03/05/2015, 1.98%, -0.41%, 0.08%
03/06/2015, 0.98%, -1.39%, -0.98%
03/09/2015, 1.18%, -1.18%, 0.21%
03/10/2015, 0.33%, -2%, -0.83%
03/11/2015, 0.39%, -1.94%, 0.06%
03/12/2015, 1.09%, -1.27%, 0.69%
03/13/2015, 0.68%, -1.66%, -0.4%
03/16/2015, 1.44%, -0.93%, 0.75%
03/17/2015, 1.33%, -1.03%, -0.11%
03/18/2015, 2.46%, 0.06%, 1.11%
03/19/2015, 2%, -0.38%, -0.44%
03/20/2015, 2.76%, 0.35%, 0.74%
03/23/2015, 2.82%, 0.4%, 0.05%
03/24/2015, 2.44%, 0.05%, -0.36%
03/25/2015, 1.6%, -0.77%, -0.82%
03/26/2015, 1.22%, -1.14%, -0.37%
03/27/2015, 1.47%, -0.9%, 0.25%
03/30/2015, 2.03%, -0.36%, 0.55%
03/31/2015, 1.58%, -0.78%, -0.43%
04/01/2015, 1.72%, 0.13%, 0.13%
04/02/2015, 1.94%, 0.34%, 0.22%
04/06/2015, 2.38%, 0.77%, 0.42%
04/07/2015, 2.32%, 0.72%, -0.06%
04/08/2015, 2.58%, 0.97%, 0.25%
04/09/2015, 2.6%, 0.99%, 0.02%
04/10/2015, 2.88%, 1.26%, 0.27%
04/13/2015, 2.71%, 1.1%, -0.16%
04/14/2015, 2.95%, 1.33%, 0.23%
04/15/2015, 3.27%, 1.64%, 0.3%
04/16/2015, 3.31%, 1.68%, 0.04%
04/17/2015, 2.66%, 1.05%, -0.61%
04/20/2015, 2.93%, 1.32%, 0.27%
04/21/2015, 2.96%, 1.34%, 0.02%
04/22/2015, 3.04%, 1.42%, 0.07%
04/23/2015, 3.32%, 1.7%, 0.27%
04/24/2015, 3.54%, 1.91%, 0.21%
04/27/2015, 3.39%, 1.75%, -0.16%
04/28/2015, 3.4%, 1.76%, 0.01%
04/29/2015, 2.96%, 1.34%, -0.42%
04/30/2015, 2.37%, 0.75%, -0.57%
05/01/2015, 2.67%, 0.29%, 0.29%
05/04/2015, 2.72%, 0.34%, 0.05%
05/05/2015, 2%, -0.36%, -0.69%
05/06/2015, 1.77%, -0.59%, -0.23%
05/07/2015, 1.94%, -0.42%, 0.17%
05/08/2015, 2.83%, 0.44%, 0.86%
05/11/2015, 2.32%, -0.06%, -0.49%
05/12/2015, 2.19%, -0.19%, -0.13%
05/13/2015, 2.26%, -0.12%, 0.07%
05/14/2015, 2.92%, 0.51%, 0.63%
05/15/2015, 3.22%, 0.81%, 0.3%
05/18/2015, 3.15%, 0.74%, -0.07%
05/19/2015, 2.9%, 0.5%, -0.24%
05/20/2015, 2.93%, 0.53%, 0.03%
05/21/2015, 3.24%, 0.83%, 0.3%
05/22/2015, 2.99%, 0.59%, -0.24%
05/26/2015, 2.46%, 0.09%, -0.49%
05/27/2015, 2.95%, 0.57%, 0.47%
05/28/2015, 2.85%, 0.47%, -0.09%
05/29/2015, 2.45%, 0.09%, -0.38%
06/01/2015, 2.37%, -0.08%, -0.08%
06/02/2015, 2.26%, -0.2%, -0.12%
06/03/2015, 2.24%, -0.22%, -0.02%
06/04/2015, 1.83%, -0.61%, -0.39%
06/05/2015, 1.44%, -0.99%, -0.38%
06/08/2015, 1.2%, -1.22%, -0.23%
06/09/2015, 1.03%, -1.39%, -0.17%
06/10/2015, 1.67%, -0.78%, 0.62%
06/11/2015, 1.99%, -0.47%, 0.32%
06/12/2015, 1.58%, -0.85%, -0.39%
06/15/2015, 1.32%, -1.1%, -0.25%
06/16/2015, 1.64%, -0.79%, 0.31%
06/17/2015, 1.72%, -0.71%, 0.08%
06/18/2015, 2.19%, -0.26%, 0.46%
06/19/2015, 2.07%, -0.38%, -0.11%
06/22/2015, 2.38%, -0.09%, 0.29%
06/23/2015, 2.4%, -0.07%, 0.01%
06/24/2015, 2.07%, -0.39%, -0.31%
06/25/2015, 1.5%, -0.94%, -0.55%
06/26/2015, 1.32%, -1.12%, -0.18%
06/29/2015, 0.29%, -2.08%, -0.96%
06/30/2015, 0.41%, -1.97%, 0.11%
07/01/2015, 0.58%, 0.16%, 0.16%
07/02/2015, 0.63%, 0.22%, 0.06%
07/06/2015, 0.32%, -0.08%, -0.3%
07/07/2015, 0.5%, 0.1%, 0.19%
07/08/2015, -0.38%, -0.76%, -0.86%
07/09/2015, -0.31%, -0.7%, 0.07%
07/10/2015, 0.41%, -0%, 0.71%
07/13/2015, 0.89%, 0.46%, 0.46%
07/14/2015, 1.24%, 0.81%, 0.35%
07/15/2015, 1.19%, 0.77%, -0.04%
07/16/2015, 1.65%, 1.22%, 0.45%
07/17/2015, 1.63%, 1.2%, -0.02%
07/20/2015, 1.52%, 1.09%, -0.11%
07/21/2015, 1.41%, 0.98%, -0.1%
07/22/2015, 1.26%, 0.84%, -0.14%
07/23/2015, 1.06%, 0.64%, -0.19%
07/24/2015, 0.43%, 0.03%, -0.61%
07/27/2015, 0.09%, -0.31%, -0.34%
07/28/2015, 0.62%, 0.22%, 0.53%
07/29/2015, 0.96%, 0.55%, 0.33%
07/30/2015, 0.99%, 0.58%, 0.03%
07/31/2015, 1.16%, 0.75%, 0.17%
08/03/2015, 1.06%, -0.1%, -0.1%
08/04/2015, 0.82%, -0.34%, -0.24%
08/05/2015, 0.95%, -0.21%, 0.12%
08/06/2015, 0.63%, -0.52%, -0.3%
08/07/2015, 0.56%, -0.59%, -0.07%
08/10/2015, 1.15%, -0.02%, 0.58%
08/11/2015, 0.73%, -0.42%, -0.4%
08/12/2015, 0.57%, -0.57%, -0.15%
08/13/2015, 0.41%, -0.73%, -0.16%
08/14/2015, 0.57%, -0.58%, 0.16%
08/17/2015, 0.82%, -0.33%, 0.25%
08/18/2015, 0.52%, -0.63%, -0.3%
08/19/2015, 0.19%, -0.95%, -0.32%
08/20/2015, -0.95%, -2.06%, -1.13%
08/21/2015, -2.37%, -3.43%, -1.43%
08/24/2015, -4.47%, -5.47%, -2.18%
08/25/2015, -4.9%, -5.9%, -0.45%
08/26/2015, -3.51%, -4.55%, 1.54%
08/27/2015, -2.31%, -3.39%, 1.26%
08/28/2015, -2.21%, -3.29%, 0.1%
08/31/2015, -2.7%, -3.76%, -0.5%
09/01/2015, -4.12%, -1.49%, -1.49%
09/02/2015, -3.38%, -0.72%, 0.79%
09/03/2015, -3.23%, -0.55%, 0.16%
09/04/2015, -3.99%, -1.35%, -0.81%
09/08/2015, -2.91%, -0.22%, 1.16%
09/09/2015, -3.34%, -0.67%, -0.45%
09/10/2015, -3.15%, -0.48%, 0.2%
09/11/2015, -2.95%, -0.27%, 0.21%
09/14/2015, -3.16%, -0.48%, -0.21%
09/15/2015, -2.82%, -0.13%, 0.36%
09/16/2015, -2.25%, 0.46%, 0.59%
09/17/2015, -2.07%, 0.65%, 0.18%
09/18/2015, -2.82%, -0.14%, -0.77%
09/21/2015, -2.85%, -0.16%, -0.02%
09/22/2015, -3.54%, -0.89%, -0.73%
09/23/2015, -3.77%, -1.13%, -0.25%
09/24/2015, -4.21%, -1.58%, -0.47%
09/25/2015, -4.24%, -1.61%, -0.02%
09/28/2015, -5.35%, -2.77%, -1.2%
09/29/2015, -5.35%, -2.76%, 0%
09/30/2015, -4.42%, -1.79%, 1.03%
10/01/2015, -4.28%, 0.14%, 0.14%
10/02/2015, -3.41%, 1.08%, 0.94%
10/05/2015, -2.54%, 2.02%, 0.93%
10/06/2015, -2.57%, 1.98%, -0.03%
10/07/2015, -2.09%, 2.51%, 0.51%
10/08/2015, -1.73%, 2.9%, 0.37%
10/09/2015, -1.61%, 3.03%, 0.12%
10/12/2015, -1.49%, 3.16%, 0.13%
10/13/2015, -1.95%, 2.66%, -0.47%
10/14/2015, -1.96%, 2.63%, -0.02%
10/15/2015, -1.2%, 3.46%, 0.79%
10/16/2015, -1.11%, 3.56%, 0.1%
10/19/2015, -1.15%, 3.52%, -0.04%
10/20/2015, -1.33%, 3.33%, -0.19%
10/21/2015, -1.57%, 3.07%, -0.24%
10/22/2015, -0.8%, 3.89%, 0.78%
10/23/2015, -0.36%, 4.38%, 0.45%
10/26/2015, -0.47%, 4.25%, -0.11%
10/27/2015, -0.7%, 4%, -0.24%
10/28/2015, -0.23%, 4.52%, 0.48%
10/29/2015, -0.58%, 4.14%, -0.36%
10/30/2015, -0.73%, 3.98%, -0.15%
11/02/2015, -0.15%, 0.59%, 0.59%
11/03/2015, -0.08%, 0.65%, 0.06%
11/04/2015, -0.3%, 0.43%, -0.22%
11/05/2015, -0.36%, 0.37%, -0.06%
11/06/2015, -0.67%, 0.06%, -0.31%
11/09/2015, -1.25%, -0.53%, -0.58%
11/10/2015, -1.18%, -0.46%, 0.07%
11/11/2015, -1.32%, -0.6%, -0.14%
11/12/2015, -2%, -1.27%, -0.67%
11/13/2015, -2.45%, -1.73%, -0.47%
11/16/2015, -1.8%, -1.08%, 0.68%
11/17/2015, -1.77%, -1.04%, 0.04%
11/18/2015, -1.05%, -0.32%, 0.73%
11/19/2015, -0.89%, -0.17%, 0.16%
11/20/2015, -0.78%, -0.05%, 0.11%
11/23/2015, -0.88%, -0.16%, -0.11%
11/24/2015, -0.82%, -0.1%, 0.06%
11/25/2015, -0.76%, -0.03%, 0.06%
11/27/2015, -0.7%, 0.02%, 0.05%
11/30/2015, -0.93%, -0.21%, -0.23%
12/01/2015, -0.19%, 0.75%, 0.75%
12/02/2015, -0.79%, 0.14%, -0.6%
12/03/2015, -1.73%, -0.79%, -0.93%
12/04/2015, -0.86%, 0.07%, 0.88%
12/07/2015, -1.24%, -0.31%, -0.38%
12/08/2015, -1.7%, -0.77%, -0.46%
12/09/2015, -2.05%, -1.13%, -0.36%
12/10/2015, -2.02%, -1.1%, 0.04%
12/11/2015, -2.9%, -1.98%, -0.9%
12/14/2015, -3%, -2.09%, -0.11%
12/15/2015, -2.57%, -1.66%, 0.45%
12/16/2015, -1.82%, -0.9%, 0.78%
12/17/2015, -2.37%, -1.45%, -0.56%
12/18/2015, -3.42%, -2.5%, -1.07%
12/21/2015, -3.07%, -2.15%, 0.36%
12/22/2015, -2.79%, -1.87%, 0.3%
12/23/2015, -2.09%, -1.17%, 0.72%
12/24/2015, -2.14%, -1.21%, -0.04%
12/28/2015, -2.28%, -1.36%, -0.15%
12/29/2015, -1.87%, -0.95%, 0.42%
12/30/2015, -2.29%, -1.37%, -0.42%
12/31/2015, -2.67%, -1.75%, -0.39%
