Date, YTD, MTD, Day
01/02/2014, -0.14%, -0.14%, -0.14%
01/03/2014, -0.13%, -0.13%, 0%
01/06/2014, -0.03%, -0.03%, 0.1%
01/07/2014, 0.15%, 0.15%, 0.19%
01/08/2014, -0.07%, -0.07%, -0.22%
01/09/2014, 0%, 0%, 0.08%
01/10/2014, 0.47%, 0.47%, 0.47%
01/13/2014, 0.42%, 0.42%, -0.05%
01/14/2014, 0.46%, 0.46%, 0.04%
01/15/2014, 0.47%, 0.47%, 0.02%
01/16/2014, 0.6%, 0.6%, 0.13%
01/17/2014, 0.61%, 0.61%, 0.01%
01/21/2014, 0.6%, 0.6%, -0.01%
01/22/2014, 0.55%, 0.55%, -0.05%
01/23/2014, 0.61%, 0.61%, 0.06%
01/24/2014, 0.32%, 0.32%, -0.3%
01/27/2014, 0.04%, 0.04%, -0.28%
01/28/2014, 0.26%, 0.26%, 0.22%
01/29/2014, 0.23%, 0.23%, -0.04%
01/30/2014, 0.4%, 0.4%, 0.19%
01/31/2014, 0.34%, 0.34%, -0.07%
02/03/2014, 0.22%, -0.14%, -0.14%
02/04/2014, 0.2%, -0.16%, -0.01%
02/05/2014, 0.02%, -0.33%, -0.17%
02/06/2014, 0.2%, -0.14%, 0.2%
02/07/2014, 0.53%, 0.19%, 0.33%
02/10/2014, 0.61%, 0.28%, 0.08%
02/11/2014, 0.61%, 0.28%, 0.01%
02/12/2014, 0.56%, 0.24%, -0.04%
02/13/2014, 0.82%, 0.5%, 0.26%
02/14/2014, 0.92%, 0.6%, 0.09%
02/18/2014, 1.06%, 0.75%, 0.15%
02/19/2014, 0.86%, 0.55%, -0.2%
02/20/2014, 0.9%, 0.59%, 0.04%
02/21/2014, 0.97%, 0.66%, 0.07%
02/24/2014, 1.03%, 0.72%, 0.06%
02/25/2014, 1.23%, 0.91%, 0.2%
02/26/2014, 1.3%, 0.98%, 0.07%
02/27/2014, 1.54%, 1.23%, 0.24%
02/28/2014, 1.52%, 1.21%, -0.02%
03/03/2014, 1.53%, 0.01%, 0.01%
03/04/2014, 1.48%, -0.04%, -0.04%
03/05/2014, 1.55%, 0.03%, 0.07%
03/06/2014, 1.4%, -0.12%, -0.15%
03/07/2014, 1.22%, -0.3%, -0.18%
03/10/2014, 1.17%, -0.35%, -0.05%
03/11/2014, 1.06%, -0.45%, -0.11%
03/12/2014, 1.2%, -0.32%, 0.14%
03/13/2014, 1.26%, -0.26%, 0.05%
03/14/2014, 1.14%, -0.38%, -0.12%
03/17/2014, 1.18%, -0.34%, 0.04%
03/18/2014, 1.41%, -0.11%, 0.23%
03/19/2014, 0.87%, -0.64%, -0.53%
03/20/2014, 0.86%, -0.66%, -0.02%
03/21/2014, 0.96%, -0.56%, 0.1%
03/24/2014, 0.86%, -0.66%, -0.1%
03/25/2014, 0.96%, -0.56%, 0.1%
03/26/2014, 0.99%, -0.52%, 0.04%
03/27/2014, 1.08%, -0.44%, 0.09%
03/28/2014, 1.04%, -0.48%, -0.04%
03/31/2014, 1.21%, -0.31%, 0.18%
04/01/2014, 1.29%, 0.08%, 0.08%
04/02/2014, 1.19%, -0.02%, -0.1%
04/03/2014, 1.21%, -0%, 0.02%
04/04/2014, 1.22%, 0.01%, 0.02%
04/07/2014, 1.18%, -0.03%, -0.04%
04/08/2014, 1.27%, 0.06%, 0.09%
04/09/2014, 1.5%, 0.29%, 0.23%
04/10/2014, 1.33%, 0.12%, -0.17%
04/11/2014, 1.22%, 0.01%, -0.11%
04/14/2014, 1.27%, 0.06%, 0.05%
04/15/2014, 1.41%, 0.19%, 0.14%
04/16/2014, 1.54%, 0.32%, 0.14%
04/17/2014, 1.29%, 0.07%, -0.25%
04/21/2014, 1.34%, 0.13%, 0.06%
04/22/2014, 1.53%, 0.31%, 0.18%
04/23/2014, 1.54%, 0.33%, 0.01%
04/24/2014, 1.64%, 0.42%, 0.1%
04/25/2014, 1.46%, 0.25%, -0.18%
04/28/2014, 1.42%, 0.21%, -0.03%
04/29/2014, 1.53%, 0.32%, 0.11%
04/30/2014, 1.75%, 0.54%, 0.22%
05/01/2014, 2%, 0.24%, 0.24%
05/02/2014, 1.99%, 0.23%, -0%
05/05/2014, 1.93%, 0.17%, -0.06%
05/06/2014, 1.87%, 0.11%, -0.06%
05/07/2014, 2.02%, 0.27%, 0.15%
05/08/2014, 1.99%, 0.23%, -0.04%
05/09/2014, 1.94%, 0.18%, -0.05%
05/12/2014, 1.99%, 0.23%, 0.05%
05/13/2014, 2.21%, 0.45%, 0.22%
05/14/2014, 2.37%, 0.6%, 0.15%
05/15/2014, 2.29%, 0.52%, -0.08%
05/16/2014, 2.28%, 0.52%, -0.01%
05/19/2014, 2.26%, 0.5%, -0.01%
05/20/2014, 2.27%, 0.51%, 0.01%
05/21/2014, 2.28%, 0.52%, 0.01%
05/22/2014, 2.34%, 0.58%, 0.06%
05/23/2014, 2.51%, 0.75%, 0.17%
05/27/2014, 2.71%, 0.94%, 0.19%
05/28/2014, 2.9%, 1.13%, 0.19%
05/29/2014, 2.93%, 1.16%, 0.03%
05/30/2014, 2.86%, 1.09%, -0.07%
06/02/2014, 2.73%, -0.12%, -0.12%
06/03/2014, 2.5%, -0.35%, -0.23%
06/04/2014, 2.46%, -0.39%, -0.04%
06/05/2014, 2.76%, -0.1%, 0.29%
06/06/2014, 2.8%, -0.07%, 0.03%
06/09/2014, 2.74%, -0.12%, -0.05%
06/10/2014, 2.66%, -0.19%, -0.08%
06/11/2014, 2.59%, -0.26%, -0.07%
06/12/2014, 2.65%, -0.21%, 0.06%
06/13/2014, 2.62%, -0.23%, -0.02%
06/16/2014, 2.71%, -0.15%, 0.08%
06/17/2014, 2.52%, -0.33%, -0.18%
06/18/2014, 2.9%, 0.04%, 0.37%
06/19/2014, 2.8%, -0.07%, -0.11%
06/20/2014, 2.89%, 0.03%, 0.1%
06/23/2014, 2.74%, -0.12%, -0.14%
06/24/2014, 2.76%, -0.1%, 0.02%
06/25/2014, 2.91%, 0.05%, 0.15%
06/26/2014, 2.99%, 0.12%, 0.07%
06/27/2014, 3.04%, 0.17%, 0.05%
06/30/2014, 3.13%, 0.26%, 0.09%
07/01/2014, 3.14%, -0%, -0%
07/02/2014, 2.92%, -0.22%, -0.22%
07/03/2014, 2.87%, -0.26%, -0.05%
07/07/2014, 2.81%, -0.32%, -0.05%
07/08/2014, 2.89%, -0.24%, 0.08%
07/09/2014, 2.96%, -0.17%, 0.07%
07/10/2014, 2.92%, -0.21%, -0.04%
07/11/2014, 3.01%, -0.12%, 0.09%
07/14/2014, 2.97%, -0.16%, -0.04%
07/15/2014, 2.83%, -0.3%, -0.13%
07/16/2014, 3%, -0.13%, 0.16%
07/17/2014, 2.98%, -0.14%, -0.01%
07/18/2014, 3.11%, -0.02%, 0.12%
07/21/2014, 3.05%, -0.08%, -0.05%
07/22/2014, 3.25%, 0.11%, 0.19%
07/23/2014, 3.29%, 0.15%, 0.04%
07/24/2014, 3.08%, -0.06%, -0.2%
07/25/2014, 3.2%, 0.07%, 0.12%
07/28/2014, 3.13%, -0.01%, -0.07%
07/29/2014, 3.13%, -0%, 0%
07/30/2014, 2.84%, -0.29%, -0.29%
07/31/2014, 2.36%, -0.74%, -0.45%
08/01/2014, 2.52%, 0.15%, 0.15%
08/04/2014, 2.66%, 0.29%, 0.13%
08/05/2014, 2.54%, 0.17%, -0.11%
08/06/2014, 2.45%, 0.09%, -0.08%
08/07/2014, 2.56%, 0.19%, 0.1%
08/08/2014, 2.67%, 0.3%, 0.1%
08/11/2014, 2.76%, 0.38%, 0.09%
08/12/2014, 2.65%, 0.28%, -0.11%
08/13/2014, 2.94%, 0.56%, 0.28%
08/14/2014, 3.1%, 0.72%, 0.16%
08/15/2014, 3.25%, 0.87%, 0.15%
08/18/2014, 3.27%, 0.88%, 0.01%
08/19/2014, 3.29%, 0.9%, 0.02%
08/20/2014, 3.23%, 0.84%, -0.06%
08/21/2014, 3.37%, 0.97%, 0.13%
08/22/2014, 3.33%, 0.93%, -0.04%
08/25/2014, 3.5%, 1.1%, 0.17%
08/26/2014, 3.54%, 1.15%, 0.04%
08/27/2014, 3.72%, 1.32%, 0.17%
08/28/2014, 3.74%, 1.33%, 0.02%
08/29/2014, 3.79%, 1.39%, 0.05%
09/02/2014, 3.5%, -0.29%, -0.29%
09/03/2014, 3.6%, -0.18%, 0.1%
09/04/2014, 3.39%, -0.39%, -0.2%
09/05/2014, 3.47%, -0.32%, 0.07%
09/08/2014, 3.3%, -0.48%, -0.16%
09/09/2014, 3.02%, -0.74%, -0.27%
09/10/2014, 2.93%, -0.83%, -0.09%
09/11/2014, 2.85%, -0.91%, -0.08%
09/12/2014, 2.58%, -1.17%, -0.26%
09/15/2014, 2.61%, -1.14%, 0.03%
09/16/2014, 2.66%, -1.1%, 0.04%
09/17/2014, 2.57%, -1.18%, -0.09%
09/18/2014, 2.68%, -1.08%, 0.1%
09/19/2014, 2.78%, -0.99%, 0.1%
09/22/2014, 2.67%, -1.09%, -0.1%
09/23/2014, 2.58%, -1.17%, -0.08%
09/24/2014, 2.57%, -1.18%, -0.01%
09/25/2014, 2.48%, -1.26%, -0.08%
09/26/2014, 2.48%, -1.26%, -0%
09/29/2014, 2.47%, -1.27%, -0.01%
09/30/2014, 2.31%, -1.42%, -0.15%
10/01/2014, 2.5%, 0.19%, 0.19%
10/02/2014, 2.31%, 0.01%, -0.18%
10/03/2014, 2.48%, 0.17%, 0.16%
10/06/2014, 2.56%, 0.25%, 0.09%
10/07/2014, 2.58%, 0.27%, 0.01%
10/08/2014, 2.96%, 0.64%, 0.37%
10/09/2014, 2.45%, 0.15%, -0.49%
10/10/2014, 2.33%, 0.02%, -0.13%
10/13/2014, 2.25%, -0.04%, -0.08%
10/14/2014, 2.45%, 0.15%, 0.2%
10/15/2014, 2.47%, 0.18%, 0.02%
10/16/2014, 2.33%, 0.03%, -0.14%
10/17/2014, 2.49%, 0.19%, 0.17%
10/20/2014, 2.73%, 0.42%, 0.24%
10/21/2014, 3%, 0.68%, 0.26%
10/22/2014, 2.77%, 0.46%, -0.22%
10/23/2014, 2.85%, 0.53%, 0.08%
10/24/2014, 2.96%, 0.63%, 0.11%
10/27/2014, 2.91%, 0.59%, -0.05%
10/28/2014, 3.11%, 0.78%, 0.2%
10/29/2014, 2.92%, 0.59%, -0.19%
10/30/2014, 3.11%, 0.78%, 0.19%
10/31/2014, 3.3%, 0.96%, 0.18%
11/03/2014, 3.18%, -0.12%, -0.12%
11/04/2014, 3.09%, -0.21%, -0.09%
11/05/2014, 3.18%, -0.13%, 0.08%
11/06/2014, 3.06%, -0.25%, -0.12%
11/07/2014, 3.3%, -0.02%, 0.23%
11/10/2014, 3.23%, -0.08%, -0.06%
11/11/2014, 3.18%, -0.13%, -0.04%
11/12/2014, 3.16%, -0.15%, -0.03%
11/13/2014, 3.23%, -0.08%, 0.07%
11/14/2014, 3.33%, 0.02%, 0.1%
11/17/2014, 3.23%, -0.08%, -0.1%
11/18/2014, 3.44%, 0.12%, 0.2%
11/19/2014, 3.24%, -0.08%, -0.2%
11/20/2014, 3.34%, 0.02%, 0.1%
11/21/2014, 3.63%, 0.3%, 0.28%
11/24/2014, 3.71%, 0.38%, 0.07%
11/25/2014, 3.86%, 0.52%, 0.15%
11/26/2014, 4%, 0.66%, 0.14%
11/28/2014, 4.03%, 0.69%, 0.03%
12/01/2014, 3.8%, -0.22%, -0.22%
12/02/2014, 3.68%, -0.34%, -0.12%
12/03/2014, 3.76%, -0.27%, 0.07%
12/04/2014, 3.79%, -0.24%, 0.03%
12/05/2014, 3.61%, -0.42%, -0.18%
12/08/2014, 3.58%, -0.44%, -0.02%
12/09/2014, 3.65%, -0.38%, 0.06%
12/10/2014, 3.47%, -0.54%, -0.16%
12/11/2014, 3.44%, -0.57%, -0.03%
12/12/2014, 3.42%, -0.57%, -0.01%
12/15/2014, 3.08%, -0.91%, -0.34%
12/16/2014, 3.14%, -0.84%, 0.07%
12/17/2014, 3.29%, -0.71%, 0.14%
12/18/2014, 3.51%, -0.51%, 0.21%
12/19/2014, 3.61%, -0.42%, 0.09%
12/22/2014, 3.56%, -0.48%, -0.06%
12/23/2014, 3.19%, -0.83%, -0.36%
12/24/2014, 3.2%, -0.82%, 0.01%
12/26/2014, 3.35%, -0.68%, 0.14%
12/29/2014, 3.52%, -0.52%, 0.16%
12/30/2014, 3.48%, -0.55%, -0.04%
12/31/2014, 3.39%, -0.63%, -0.08%
