Date, YTD, MTD, Day
01/02/2015, -0.02%, -0.02%, -0.02%
01/05/2015, -1.25%, -1.25%, -1.23%
01/06/2015, -1.79%, -1.79%, -0.56%
01/07/2015, -1.09%, -1.09%, 0.72%
01/08/2015, -0.02%, -0.02%, 1.1%
01/09/2015, -0.43%, -0.43%, -0.41%
01/12/2015, -0.76%, -0.76%, -0.34%
01/13/2015, -0.73%, -0.73%, 0.04%
01/14/2015, -0.99%, -0.99%, -0.26%
01/15/2015, -1.12%, -1.12%, -0.14%
01/16/2015, -0.46%, -0.46%, 0.68%
01/20/2015, -0.31%, -0.31%, 0.15%
01/21/2015, 0.01%, 0.01%, 0.32%
01/22/2015, 0.79%, 0.79%, 0.78%
01/23/2015, 0.62%, 0.62%, -0.17%
01/26/2015, 1%, 1%, 0.38%
01/27/2015, 0.49%, 0.49%, -0.51%
01/28/2015, -0.21%, -0.21%, -0.7%
01/29/2015, 0.3%, 0.3%, 0.52%
01/30/2015, -0.48%, -0.48%, -0.78%
02/02/2015, 0.3%, 0.79%, 0.79%
02/03/2015, 1.21%, 1.72%, 0.92%
02/04/2015, 0.9%, 1.41%, -0.3%
02/05/2015, 1.6%, 2.12%, 0.7%
02/06/2015, 0.95%, 1.47%, -0.63%
02/09/2015, 0.65%, 1.16%, -0.3%
02/10/2015, 1.16%, 1.68%, 0.51%
02/11/2015, 1.03%, 1.55%, -0.13%
02/12/2015, 1.87%, 2.41%, 0.83%
02/13/2015, 2.23%, 2.78%, 0.36%
02/17/2015, 2.26%, 2.81%, 0.02%
02/18/2015, 2.48%, 3.03%, 0.21%
02/19/2015, 2.4%, 2.95%, -0.08%
02/20/2015, 2.87%, 3.42%, 0.45%
02/23/2015, 2.83%, 3.39%, -0.03%
02/24/2015, 3.22%, 3.77%, 0.37%
02/25/2015, 3.31%, 3.86%, 0.09%
02/26/2015, 3.07%, 3.63%, -0.23%
02/27/2015, 3.03%, 3.58%, -0.04%
03/02/2015, 3.17%, 0.13%, 0.13%
03/03/2015, 2.79%, -0.23%, -0.36%
03/04/2015, 2.48%, -0.53%, -0.3%
03/05/2015, 2.58%, -0.43%, 0.09%
03/06/2015, 1.47%, -1.51%, -1.08%
03/09/2015, 1.64%, -1.34%, 0.17%
03/10/2015, 0.45%, -2.48%, -1.16%
03/11/2015, 0.51%, -2.42%, 0.06%
03/12/2015, 1.39%, -1.57%, 0.87%
03/13/2015, 0.88%, -2.06%, -0.5%
03/16/2015, 1.79%, -1.19%, 0.89%
03/17/2015, 1.66%, -1.31%, -0.13%
03/18/2015, 2.99%, -0.03%, 1.31%
03/19/2015, 2.4%, -0.6%, -0.57%
03/20/2015, 3.39%, 0.35%, 0.96%
03/23/2015, 3.48%, 0.44%, 0.09%
03/24/2015, 3.01%, -0.02%, -0.45%
03/25/2015, 2.08%, -0.92%, -0.91%
03/26/2015, 1.65%, -1.33%, -0.41%
03/27/2015, 1.87%, -1.12%, 0.22%
03/30/2015, 2.52%, -0.49%, 0.64%
03/31/2015, 1.91%, -1.07%, -0.59%
04/01/2015, 2.05%, 0.13%, 0.13%
04/02/2015, 2.43%, 0.5%, 0.37%
04/06/2015, 3.02%, 1.08%, 0.57%
04/07/2015, 2.94%, 1%, -0.07%
04/08/2015, 3.29%, 1.34%, 0.33%
04/09/2015, 3.43%, 1.47%, 0.12%
04/10/2015, 3.73%, 1.77%, 0.29%
04/13/2015, 3.5%, 1.54%, -0.22%
04/14/2015, 3.8%, 1.83%, 0.28%
04/15/2015, 4.19%, 2.22%, 0.38%
04/16/2015, 4.28%, 2.3%, 0.08%
04/17/2015, 3.43%, 1.47%, -0.81%
04/20/2015, 3.77%, 1.8%, 0.33%
04/21/2015, 3.87%, 1.9%, 0.09%
04/22/2015, 4.07%, 2.1%, 0.19%
04/23/2015, 4.4%, 2.42%, 0.31%
04/24/2015, 4.66%, 2.67%, 0.24%
04/27/2015, 4.56%, 2.57%, -0.1%
04/28/2015, 4.65%, 2.65%, 0.08%
04/29/2015, 4.14%, 2.16%, -0.48%
04/30/2015, 3.4%, 1.43%, -0.7%
05/01/2015, 3.84%, 0.42%, 0.42%
05/04/2015, 3.93%, 0.51%, 0.09%
05/05/2015, 3.04%, -0.34%, -0.85%
05/06/2015, 2.85%, -0.53%, -0.19%
05/07/2015, 2.96%, -0.42%, 0.11%
05/08/2015, 4.09%, 0.66%, 1.08%
05/11/2015, 3.58%, 0.17%, -0.49%
05/12/2015, 3.41%, 0.01%, -0.16%
05/13/2015, 3.59%, 0.17%, 0.16%
05/14/2015, 4.36%, 0.91%, 0.74%
05/15/2015, 4.64%, 1.18%, 0.27%
05/18/2015, 4.59%, 1.13%, -0.04%
05/19/2015, 4.36%, 0.91%, -0.22%
05/20/2015, 4.39%, 0.94%, 0.02%
05/21/2015, 4.68%, 1.22%, 0.28%
05/22/2015, 4.39%, 0.95%, -0.27%
05/26/2015, 3.57%, 0.18%, -0.76%
05/27/2015, 4.19%, 0.76%, 0.59%
05/28/2015, 4.04%, 0.63%, -0.14%
05/29/2015, 3.51%, 0.13%, -0.5%
06/01/2015, 3.45%, -0.06%, -0.06%
06/02/2015, 3.44%, -0.08%, -0.02%
06/03/2015, 3.56%, 0.03%, 0.1%
06/04/2015, 2.93%, -0.56%, -0.58%
06/05/2015, 2.49%, -0.98%, -0.42%
06/08/2015, 2.19%, -1.27%, -0.29%
06/09/2015, 1.98%, -1.46%, -0.2%
06/10/2015, 2.92%, -0.58%, 0.9%
06/11/2015, 3.19%, -0.32%, 0.27%
06/12/2015, 2.7%, -0.78%, -0.47%
06/15/2015, 2.32%, -1.15%, -0.36%
06/16/2015, 2.64%, -0.83%, 0.31%
06/17/2015, 2.73%, -0.74%, 0.09%
06/18/2015, 3.34%, -0.16%, 0.58%
06/19/2015, 3.11%, -0.38%, -0.21%
06/22/2015, 3.72%, 0.19%, 0.57%
06/23/2015, 3.81%, 0.27%, 0.08%
06/24/2015, 3.36%, -0.17%, -0.43%
06/25/2015, 2.65%, -0.84%, -0.67%
06/26/2015, 2.47%, -1.01%, -0.17%
06/29/2015, 0.95%, -2.44%, -1.44%
06/30/2015, 1.11%, -2.29%, 0.16%
07/01/2015, 1.41%, 0.29%, 0.29%
07/02/2015, 1.44%, 0.32%, 0.04%
07/06/2015, 0.82%, -0.28%, -0.6%
07/07/2015, 0.91%, -0.18%, 0.1%
07/08/2015, -0.31%, -1.37%, -1.21%
07/09/2015, 0%, -1.07%, 0.32%
07/10/2015, 1.1%, -0.01%, 1.09%
07/13/2015, 1.74%, 0.61%, 0.62%
07/14/2015, 2.14%, 1.01%, 0.39%
07/15/2015, 2.01%, 0.89%, -0.12%
07/16/2015, 2.57%, 1.43%, 0.54%
07/17/2015, 2.52%, 1.39%, -0.04%
07/20/2015, 2.43%, 1.29%, -0.1%
07/21/2015, 2.26%, 1.14%, -0.15%
07/22/2015, 2%, 0.88%, -0.25%
07/23/2015, 1.72%, 0.6%, -0.27%
07/24/2015, 0.92%, -0.17%, -0.77%
07/27/2015, 0.4%, -0.68%, -0.51%
07/28/2015, 1.1%, 0.01%, 0.7%
07/29/2015, 1.55%, 0.44%, 0.43%
07/30/2015, 1.55%, 0.44%, -0%
07/31/2015, 1.74%, 0.63%, 0.19%
08/03/2015, 1.56%, -0.17%, -0.17%
08/04/2015, 1.37%, -0.36%, -0.19%
08/05/2015, 1.59%, -0.15%, 0.21%
08/06/2015, 1.17%, -0.56%, -0.41%
08/07/2015, 1.03%, -0.69%, -0.14%
08/10/2015, 1.86%, 0.11%, 0.81%
08/11/2015, 1.14%, -0.58%, -0.68%
08/12/2015, 0.91%, -0.8%, -0.23%
08/13/2015, 0.79%, -0.92%, -0.12%
08/14/2015, 0.96%, -0.76%, 0.17%
08/17/2015, 1.19%, -0.53%, 0.23%
08/18/2015, 0.83%, -0.88%, -0.35%
08/19/2015, 0.31%, -1.39%, -0.51%
08/20/2015, -1.15%, -2.81%, -1.45%
08/21/2015, -2.96%, -4.57%, -1.84%
08/24/2015, -5.63%, -7.17%, -2.78%
08/25/2015, -5.93%, -7.46%, -0.31%
08/26/2015, -4.17%, -5.75%, 1.93%
08/27/2015, -2.68%, -4.3%, 1.57%
08/28/2015, -2.56%, -4.18%, 0.13%
08/31/2015, -3.11%, -4.72%, -0.57%
09/01/2015, -5.01%, -1.98%, -1.98%
09/02/2015, -4.07%, -0.99%, 1.01%
09/03/2015, -3.91%, -0.83%, 0.16%
09/04/2015, -4.97%, -1.94%, -1.13%
09/08/2015, -3.51%, -0.42%, 1.57%
09/09/2015, -3.99%, -0.91%, -0.49%
09/10/2015, -3.74%, -0.65%, 0.27%
09/11/2015, -3.54%, -0.45%, 0.2%
09/14/2015, -3.81%, -0.72%, -0.27%
09/15/2015, -3.3%, -0.19%, 0.54%
09/16/2015, -2.53%, 0.61%, 0.8%
09/17/2015, -2.4%, 0.73%, 0.13%
09/18/2015, -3.48%, -0.39%, -1.11%
09/21/2015, -3.44%, -0.34%, 0.05%
09/22/2015, -4.46%, -1.4%, -1.07%
09/23/2015, -4.75%, -1.71%, -0.32%
09/24/2015, -5.35%, -2.33%, -0.63%
09/25/2015, -5.27%, -2.25%, 0.1%
09/28/2015, -6.7%, -3.74%, -1.54%
09/29/2015, -6.74%, -3.78%, -0.05%
09/30/2015, -5.51%, -2.5%, 1.36%
10/01/2015, -5.36%, 0.16%, 0.16%
10/02/2015, -4.33%, 1.27%, 1.11%
10/05/2015, -3.14%, 2.56%, 1.27%
10/06/2015, -3.15%, 2.56%, -0%
10/07/2015, -2.49%, 3.27%, 0.69%
10/08/2015, -2%, 3.8%, 0.5%
10/09/2015, -1.82%, 4%, 0.19%
10/12/2015, -1.75%, 4.07%, 0.08%
10/13/2015, -2.36%, 3.41%, -0.62%
10/14/2015, -2.44%, 3.31%, -0.09%
10/15/2015, -1.42%, 4.43%, 1.06%
10/16/2015, -1.3%, 4.56%, 0.12%
10/19/2015, -1.37%, 4.48%, -0.07%
10/20/2015, -1.57%, 4.26%, -0.2%
10/21/2015, -1.89%, 3.91%, -0.33%
10/22/2015, -0.97%, 4.9%, 0.94%
10/23/2015, -0.37%, 5.56%, 0.61%
10/26/2015, -0.55%, 5.36%, -0.18%
10/27/2015, -0.9%, 4.98%, -0.36%
10/28/2015, -0.29%, 5.64%, 0.62%
10/29/2015, -0.69%, 5.21%, -0.41%
10/30/2015, -0.89%, 5%, -0.19%
11/02/2015, -0.15%, 0.74%, 0.74%
11/03/2015, -0.02%, 0.87%, 0.13%
11/04/2015, -0.28%, 0.61%, -0.26%
11/05/2015, -0.36%, 0.53%, -0.08%
11/06/2015, -0.67%, 0.21%, -0.32%
11/09/2015, -1.39%, -0.51%, -0.71%
11/10/2015, -1.35%, -0.48%, 0.03%
11/11/2015, -1.46%, -0.59%, -0.11%
11/12/2015, -2.3%, -1.43%, -0.85%
11/13/2015, -2.93%, -2.06%, -0.64%
11/16/2015, -2.13%, -1.26%, 0.82%
11/17/2015, -2.05%, -1.18%, 0.09%
11/18/2015, -1.2%, -0.33%, 0.86%
11/19/2015, -1%, -0.12%, 0.21%
11/20/2015, -0.86%, 0.02%, 0.14%
11/23/2015, -1.03%, -0.15%, -0.17%
11/24/2015, -0.97%, -0.09%, 0.06%
11/25/2015, -0.88%, -0.01%, 0.08%
11/27/2015, -0.86%, 0.01%, 0.02%
11/30/2015, -1.14%, -0.27%, -0.28%
12/01/2015, -0.29%, 0.87%, 0.87%
12/02/2015, -1.02%, 0.13%, -0.73%
12/03/2015, -1.96%, -0.81%, -0.94%
12/04/2015, -1%, 0.14%, 0.97%
12/07/2015, -1.54%, -0.41%, -0.55%
12/08/2015, -2.17%, -1.04%, -0.64%
12/09/2015, -2.59%, -1.46%, -0.42%
12/10/2015, -2.54%, -1.42%, 0.04%
12/11/2015, -3.75%, -2.64%, -1.25%
12/14/2015, -3.79%, -2.68%, -0.03%
12/15/2015, -3.18%, -2.07%, 0.64%
12/16/2015, -2.2%, -1.08%, 1.02%
12/17/2015, -2.93%, -1.81%, -0.74%
12/18/2015, -4.23%, -3.12%, -1.34%
12/21/2015, -3.81%, -2.7%, 0.44%
12/22/2015, -3.4%, -2.28%, 0.44%
12/23/2015, -2.47%, -1.35%, 0.96%
12/24/2015, -2.56%, -1.43%, -0.09%
12/28/2015, -2.75%, -1.63%, -0.2%
12/29/2015, -2.13%, -1%, 0.64%
12/30/2015, -2.67%, -1.54%, -0.55%
12/31/2015, -3.19%, -2.07%, -0.53%
