Date, YTD, MTD, Day
01/02/2019, 0.05%, 0.05%, 0.05%
01/03/2019, -0.02%, -0.02%, -0.08%
01/04/2019, 0.49%, 0.49%, 0.53%
01/07/2019, 0.53%, 0.53%, 0.04%
01/08/2019, 0.66%, 0.66%, 0.13%
01/09/2019, 0.95%, 0.95%, 0.29%
01/10/2019, 0.99%, 0.99%, 0.03%
01/11/2019, 1.03%, 1.03%, 0.04%
01/14/2019, 0.89%, 0.89%, -0.14%
01/15/2019, 1.05%, 1.05%, 0.15%
01/16/2019, 1.12%, 1.12%, 0.07%
01/17/2019, 1.28%, 1.28%, 0.15%
01/18/2019, 1.43%, 1.43%, 0.14%
01/22/2019, 1.22%, 1.22%, -0.19%
01/23/2019, 1.35%, 1.35%, 0.13%
01/24/2019, 1.56%, 1.56%, 0.21%
01/25/2019, 1.76%, 1.76%, 0.19%
01/28/2019, 1.58%, 1.58%, -0.17%
01/29/2019, 1.74%, 1.74%, 0.15%
01/30/2019, 2.17%, 2.17%, 0.41%
01/31/2019, 2.63%, 2.63%, 0.45%
02/01/2019, 2.42%, -0.21%, -0.21%
02/04/2019, 2.49%, -0.15%, 0.06%
02/05/2019, 2.79%, 0.14%, 0.29%
02/06/2019, 2.7%, 0.06%, -0.08%
02/07/2019, 2.57%, -0.05%, -0.11%
02/08/2019, 2.61%, -0.01%, 0.04%
02/11/2019, 2.55%, -0.07%, -0.06%
02/12/2019, 2.81%, 0.16%, 0.23%
02/13/2019, 2.71%, 0.05%, -0.1%
02/14/2019, 2.82%, 0.17%, 0.12%
02/15/2019, 3.17%, 0.5%, 0.33%
02/19/2019, 3.33%, 0.65%, 0.14%
02/20/2019, 3.35%, 0.66%, 0.01%
02/21/2019, 3.12%, 0.44%, -0.22%
02/22/2019, 3.44%, 0.75%, 0.31%
02/25/2019, 3.43%, 0.74%, -0.02%
02/26/2019, 3.58%, 0.89%, 0.15%
02/27/2019, 3.34%, 0.64%, -0.24%
02/28/2019, 3.17%, 0.48%, -0.16%
03/01/2019, 3.11%, -0.08%, -0.08%
03/04/2019, 3.16%, -0.01%, 0.06%
03/05/2019, 3.22%, 0.05%, 0.06%
03/06/2019, 3.12%, -0.03%, -0.08%
03/07/2019, 3.08%, -0.05%, -0.02%
03/08/2019, 3%, -0.12%, -0.07%
03/11/2019, 3.36%, 0.2%, 0.33%
03/12/2019, 3.58%, 0.42%, 0.21%
03/13/2019, 3.76%, 0.57%, 0.16%
03/14/2019, 3.57%, 0.39%, -0.18%
03/15/2019, 3.9%, 0.7%, 0.3%
03/18/2019, 4.04%, 0.83%, 0.13%
03/19/2019, 4.04%, 0.82%, -0%
03/20/2019, 4.27%, 1.06%, 0.23%
03/21/2019, 4.46%, 1.23%, 0.17%
03/22/2019, 4.14%, 0.98%, -0.25%
03/25/2019, 4.26%, 1.1%, 0.12%
03/26/2019, 4.45%, 1.27%, 0.18%
03/27/2019, 4.49%, 1.32%, 0.04%
03/28/2019, 4.56%, 1.38%, 0.06%
03/29/2019, 4.65%, 1.46%, 0.08%
04/01/2019, 4.7%, 0.01%, 0.01%
04/02/2019, 4.77%, 0.09%, 0.08%
04/03/2019, 4.76%, 0.06%, -0.03%
04/04/2019, 4.79%, 0.09%, 0.03%
04/05/2019, 4.98%, 0.26%, 0.17%
04/08/2019, 4.94%, 0.23%, -0.04%
04/09/2019, 4.85%, 0.15%, -0.07%
04/10/2019, 5.12%, 0.4%, 0.25%
04/11/2019, 4.93%, 0.23%, -0.18%
04/12/2019, 4.97%, 0.24%, 0.01%
04/15/2019, 5.03%, 0.31%, 0.07%
04/16/2019, 4.92%, 0.19%, -0.12%
04/17/2019, 4.88%, 0.16%, -0.03%
04/18/2019, 5.03%, 0.31%, 0.15%
04/22/2019, 4.89%, 0.16%, -0.14%
04/23/2019, 5.15%, 0.41%, 0.24%
04/24/2019, 5.17%, 0.43%, 0.03%
04/25/2019, 5.13%, 0.39%, -0.04%
04/26/2019, 5.41%, 0.66%, 0.27%
04/29/2019, 5.33%, 0.57%, -0.09%
04/30/2019, 5.49%, 0.73%, 0.16%
05/01/2019, 5.29%, -0.17%, -0.17%
05/02/2019, 5.11%, -0.35%, -0.18%
05/03/2019, 5.46%, -0.03%, 0.32%
05/06/2019, 5.34%, -0.13%, -0.1%
05/07/2019, 5.03%, -0.38%, -0.25%
05/08/2019, 4.84%, -0.56%, -0.18%
05/09/2019, 4.84%, -0.55%, 0.01%
05/10/2019, 4.89%, -0.51%, 0.04%
05/13/2019, 4.44%, -0.87%, -0.37%
05/14/2019, 4.61%, -0.74%, 0.15%
05/15/2019, 4.89%, -0.47%, 0.27%
05/16/2019, 5.02%, -0.38%, 0.11%
05/17/2019, 4.81%, -0.55%, -0.18%
05/20/2019, 4.58%, -0.76%, -0.21%
05/21/2019, 4.74%, -0.64%, 0.13%
05/22/2019, 4.79%, -0.58%, 0.06%
05/23/2019, 4.74%, -0.58%, -0.02%
05/24/2019, 4.79%, -0.54%, 0.05%
05/28/2019, 4.75%, -0.56%, -0.02%
05/29/2019, 4.57%, -0.72%, -0.16%
05/30/2019, 4.85%, -0.45%, 0.26%
05/31/2019, 4.95%, -0.32%, 0.12%
06/03/2019, 5.21%, 0.25%, 0.25%
06/04/2019, 5.45%, 0.46%, 0.21%
06/05/2019, 5.57%, 0.56%, 0.1%
06/06/2019, 5.61%, 0.6%, 0.04%
06/07/2019, 6.11%, 1.07%, 0.46%
06/10/2019, 6.02%, 0.98%, -0.09%
06/11/2019, 6.08%, 1.03%, 0.05%
06/12/2019, 6.12%, 1.07%, 0.05%
06/13/2019, 6.28%, 1.23%, 0.15%
06/14/2019, 6.09%, 1.05%, -0.17%
06/17/2019, 6.1%, 1.06%, 0.01%
06/18/2019, 6.57%, 1.5%, 0.43%
06/19/2019, 6.93%, 1.84%, 0.33%
06/20/2019, 7.23%, 2.12%, 0.27%
06/21/2019, 6.95%, 1.85%, -0.26%
06/24/2019, 7.11%, 2.01%, 0.16%
06/25/2019, 6.94%, 1.86%, -0.14%
06/26/2019, 6.72%, 1.65%, -0.21%
06/27/2019, 7.09%, 2%, 0.34%
06/28/2019, 7.25%, 2.14%, 0.14%
07/01/2019, 7.44%, 0.16%, 0.16%
07/02/2019, 7.66%, 0.37%, 0.21%
07/03/2019, 7.99%, 0.66%, 0.3%
07/05/2019, 7.55%, 0.25%, -0.42%
07/08/2019, 7.3%, 0.02%, -0.22%
07/09/2019, 7.22%, -0.05%, -0.07%
07/10/2019, 7.41%, 0.12%, 0.17%
07/11/2019, 7.16%, -0.12%, -0.24%
07/12/2019, 7.34%, 0.04%, 0.16%
07/15/2019, 7.42%, 0.12%, 0.08%
07/16/2019, 7.26%, -0.03%, -0.15%
07/17/2019, 7.34%, 0.06%, 0.09%
07/18/2019, 7.51%, 0.21%, 0.15%
07/19/2019, 7.37%, 0.09%, -0.12%
07/22/2019, 7.43%, 0.14%, 0.05%
07/23/2019, 7.52%, 0.21%, 0.07%
07/24/2019, 7.71%, 0.39%, 0.17%
07/25/2019, 7.45%, 0.15%, -0.23%
07/26/2019, 7.6%, 0.28%, 0.13%
07/29/2019, 7.55%, 0.23%, -0.05%
07/30/2019, 7.52%, 0.21%, -0.02%
07/31/2019, 7.29%, 0.02%, -0.19%
08/01/2019, 7.65%, 0.36%, 0.36%
08/02/2019, 7.47%, 0.21%, -0.16%
08/05/2019, 7.1%, -0.07%, -0.29%
08/06/2019, 7.46%, 0.25%, 0.33%
08/07/2019, 7.51%, 0.29%, 0.05%
08/08/2019, 7.98%, 0.69%, 0.41%
08/09/2019, 7.62%, 0.37%, -0.32%
08/12/2019, 7.68%, 0.46%, 0.08%
08/13/2019, 7.84%, 0.58%, 0.13%
08/14/2019, 7.46%, 0.28%, -0.31%
08/15/2019, 7.8%, 0.61%, 0.32%
08/16/2019, 8.11%, 0.86%, 0.27%
08/19/2019, 8.08%, 0.81%, -0.04%
08/20/2019, 8.14%, 0.89%, 0.07%
08/21/2019, 8.22%, 0.94%, 0.07%
08/22/2019, 8.09%, 0.82%, -0.13%
08/23/2019, 7.88%, 0.68%, -0.16%
08/26/2019, 7.97%, 0.74%, 0.07%
08/27/2019, 8.19%, 0.96%, 0.22%
08/28/2019, 8.39%, 1.14%, 0.18%
08/29/2019, 8.55%, 1.26%, 0.13%
08/30/2019, 8.69%, 1.39%, 0.13%
09/03/2019, 8.59%, -0.08%, -0.08%
09/04/2019, 8.99%, 0.28%, 0.37%
09/05/2019, 8.88%, 0.16%, -0.12%
09/06/2019, 9%, 0.27%, 0.1%
09/09/2019, 8.67%, -0.04%, -0.31%
09/10/2019, 8.26%, -0.42%, -0.38%
09/11/2019, 8.5%, -0.21%, 0.2%
09/12/2019, 8.45%, -0.26%, -0.05%
09/13/2019, 7.91%, -0.76%, -0.5%
09/16/2019, 8.03%, -0.64%, 0.12%
09/17/2019, 8.24%, -0.45%, 0.2%
09/18/2019, 8.28%, -0.41%, 0.03%
09/19/2019, 8.37%, -0.33%, 0.09%
09/20/2019, 8.58%, -0.13%, 0.2%
09/23/2019, 8.54%, -0.16%, -0.03%
09/24/2019, 8.56%, -0.13%, 0.03%
09/25/2019, 8.29%, -0.39%, -0.27%
09/26/2019, 8.39%, -0.29%, 0.1%
09/27/2019, 8.32%, -0.35%, -0.06%
09/30/2019, 8.49%, -0.2%, 0.15%
10/01/2019, 8.32%, -0.13%, -0.13%
10/02/2019, 7.93%, -0.47%, -0.34%
10/03/2019, 8.41%, -0.03%, 0.44%
10/04/2019, 8.81%, 0.32%, 0.35%
10/07/2019, 8.49%, 0.03%, -0.29%
10/08/2019, 8.26%, -0.16%, -0.19%
10/09/2019, 8.27%, -0.16%, 0%
10/10/2019, 8.16%, -0.28%, -0.12%
10/11/2019, 8.25%, -0.22%, 0.07%
10/14/2019, 8.27%, -0.2%, 0.02%
10/15/2019, 8.41%, -0.09%, 0.11%
10/16/2019, 8.46%, -0.04%, 0.05%
10/17/2019, 8.49%, -0.02%, 0.02%
10/18/2019, 8.47%, -0.03%, -0.01%
10/21/2019, 8.52%, 0%, 0.03%
10/22/2019, 8.52%, 0.01%, 0.01%
10/23/2019, 8.6%, 0.08%, 0.06%
10/24/2019, 8.66%, 0.14%, 0.06%
10/25/2019, 8.68%, 0.15%, 0.01%
10/28/2019, 8.68%, 0.13%, -0.02%
10/29/2019, 8.68%, 0.13%, -0%
10/30/2019, 9.05%, 0.48%, 0.35%
10/31/2019, 9.24%, 0.66%, 0.19%
11/01/2019, 9.46%, 0.18%, 0.18%
11/04/2019, 9.38%, 0.1%, -0.09%
11/05/2019, 9.08%, -0.18%, -0.28%
11/06/2019, 9.22%, -0.05%, 0.13%
11/07/2019, 8.97%, -0.3%, -0.25%
11/08/2019, 8.91%, -0.36%, -0.06%
11/11/2019, 8.85%, -0.41%, -0.05%
11/12/2019, 8.95%, -0.32%, 0.09%
11/13/2019, 9.05%, -0.22%, 0.1%
11/14/2019, 9.26%, -0.02%, 0.2%
11/15/2019, 9.41%, 0.1%, 0.12%
11/18/2019, 9.57%, 0.25%, 0.15%
11/19/2019, 9.65%, 0.32%, 0.07%
11/20/2019, 9.67%, 0.35%, 0.03%
11/21/2019, 9.53%, 0.22%, -0.13%
11/22/2019, 9.59%, 0.27%, 0.05%
11/25/2019, 9.85%, 0.49%, 0.21%
11/26/2019, 10.03%, 0.66%, 0.17%
11/27/2019, 10%, 0.62%, -0.04%
11/29/2019, 9.83%, 0.48%, -0.14%
12/02/2019, 9.4%, -0.38%, -0.38%
12/03/2019, 9.68%, -0.1%, 0.28%
12/04/2019, 9.73%, -0.07%, 0.03%
12/05/2019, 9.63%, -0.17%, -0.1%
12/06/2019, 9.81%, -0.03%, 0.14%
12/09/2019, 9.72%, -0.1%, -0.07%
12/10/2019, 9.7%, -0.12%, -0.02%
12/11/2019, 9.97%, 0.12%, 0.24%
12/12/2019, 9.85%, -0.03%, -0.14%
12/13/2019, 10.27%, 0.37%, 0.4%
12/16/2019, 10.3%, 0.37%, -0%
12/17/2019, 10.32%, 0.39%, 0.02%
12/18/2019, 10.17%, 0.25%, -0.14%
12/19/2019, 10.34%, 0.39%, 0.15%
12/20/2019, 10.31%, 0.36%, -0.03%
12/23/2019, 10.17%, 0.24%, -0.12%
12/24/2019, 10.24%, 0.31%, 0.07%
12/26/2019, 10.45%, 0.48%, 0.18%
12/27/2019, 10.55%, 0.58%, 0.1%
12/30/2019, 10.39%, 0.45%, -0.13%
12/31/2019, 10.33%, 0.38%, -0.07%
