Date, YTD, MTD, Day
01/03/2017, 0.78%, 0.78%, 0.78%
01/04/2017, 1.55%, 1.55%, 0.76%
01/05/2017, 1.38%, 1.38%, -0.16%
01/06/2017, 1.65%, 1.65%, 0.27%
01/09/2017, 1.29%, 1.29%, -0.35%
01/10/2017, 1.41%, 1.41%, 0.11%
01/11/2017, 1.67%, 1.67%, 0.26%
01/12/2017, 1.41%, 1.41%, -0.25%
01/13/2017, 1.67%, 1.67%, 0.26%
01/17/2017, 1.27%, 1.27%, -0.4%
01/18/2017, 1.48%, 1.48%, 0.21%
01/19/2017, 1.08%, 1.08%, -0.39%
01/20/2017, 1.41%, 1.41%, 0.32%
01/23/2017, 1.17%, 1.17%, -0.24%
01/24/2017, 1.91%, 1.91%, 0.74%
01/25/2017, 2.68%, 2.68%, 0.75%
01/26/2017, 2.57%, 2.57%, -0.11%
01/27/2017, 2.45%, 2.45%, -0.11%
01/30/2017, 1.79%, 1.79%, -0.64%
01/31/2017, 1.83%, 1.83%, 0.04%
02/01/2017, 1.82%, -0.01%, -0.01%
02/02/2017, 1.89%, 0.06%, 0.07%
02/03/2017, 2.69%, 0.84%, 0.79%
02/06/2017, 2.45%, 0.61%, -0.23%
02/07/2017, 2.42%, 0.58%, -0.03%
02/08/2017, 2.52%, 0.68%, 0.1%
02/09/2017, 3.18%, 1.32%, 0.64%
02/10/2017, 3.57%, 1.7%, 0.38%
02/13/2017, 4.06%, 2.18%, 0.47%
02/14/2017, 4.46%, 2.57%, 0.38%
02/15/2017, 4.95%, 3.06%, 0.48%
02/16/2017, 4.85%, 2.96%, -0.1%
02/17/2017, 5.02%, 3.13%, 0.17%
02/21/2017, 5.65%, 3.74%, 0.6%
02/22/2017, 5.5%, 3.6%, -0.14%
02/23/2017, 5.46%, 3.55%, -0.04%
02/24/2017, 5.63%, 3.72%, 0.16%
02/27/2017, 5.85%, 3.94%, 0.21%
02/28/2017, 5.45%, 3.55%, -0.38%
03/01/2017, 6.83%, 1.3%, 1.3%
03/02/2017, 6.14%, 0.66%, -0.64%
03/03/2017, 6.2%, 0.7%, 0.05%
03/06/2017, 5.82%, 0.35%, -0.35%
03/07/2017, 5.46%, 0.01%, -0.34%
03/08/2017, 5.19%, -0.25%, -0.25%
03/09/2017, 5.19%, -0.25%, 0%
03/10/2017, 5.54%, 0.08%, 0.33%
03/13/2017, 5.63%, 0.17%, 0.09%
03/14/2017, 5.28%, -0.17%, -0.33%
03/15/2017, 6.23%, 0.74%, 0.91%
03/16/2017, 6.11%, 0.62%, -0.12%
03/17/2017, 6.05%, 0.57%, -0.05%
03/20/2017, 5.82%, 0.35%, -0.21%
03/21/2017, 4.41%, -0.98%, -1.33%
03/22/2017, 4.57%, -0.84%, 0.15%
03/23/2017, 4.1%, -1.27%, -0.44%
03/24/2017, 4.04%, -1.33%, -0.06%
03/27/2017, 3.98%, -1.39%, -0.06%
03/28/2017, 4.7%, -0.71%, 0.69%
03/29/2017, 4.88%, -0.54%, 0.17%
03/30/2017, 5.21%, -0.23%, 0.31%
03/31/2017, 5.06%, -0.37%, -0.14%
04/03/2017, 4.81%, -0.24%, -0.24%
04/04/2017, 4.85%, -0.2%, 0.04%
04/05/2017, 4.45%, -0.58%, -0.38%
04/06/2017, 4.77%, -0.28%, 0.31%
04/07/2017, 4.69%, -0.35%, -0.08%
04/10/2017, 4.8%, -0.25%, 0.1%
04/11/2017, 4.8%, -0.25%, 0%
04/12/2017, 4.32%, -0.71%, -0.46%
04/13/2017, 3.63%, -1.36%, -0.66%
04/17/2017, 4.51%, -0.53%, 0.84%
04/18/2017, 4.29%, -0.73%, -0.21%
04/19/2017, 4.19%, -0.82%, -0.09%
04/20/2017, 4.98%, -0.08%, 0.75%
04/21/2017, 4.68%, -0.36%, -0.29%
04/24/2017, 5.75%, 0.66%, 1.02%
04/25/2017, 6.38%, 1.25%, 0.59%
04/26/2017, 6.4%, 1.27%, 0.02%
04/27/2017, 6.46%, 1.33%, 0.05%
04/28/2017, 6.14%, 1.03%, -0.3%
05/01/2017, 6.35%, 0.2%, 0.2%
05/02/2017, 6.41%, 0.25%, 0.05%
05/03/2017, 6.2%, 0.05%, -0.2%
05/04/2017, 6.19%, 0.05%, -0%
05/05/2017, 6.69%, 0.51%, 0.46%
05/08/2017, 6.61%, 0.44%, -0.07%
05/09/2017, 6.52%, 0.36%, -0.08%
05/10/2017, 6.72%, 0.55%, 0.19%
05/11/2017, 6.46%, 0.3%, -0.25%
05/12/2017, 6.29%, 0.14%, -0.16%
05/15/2017, 6.83%, 0.64%, 0.5%
05/16/2017, 6.78%, 0.6%, -0.04%
05/17/2017, 4.91%, -1.15%, -1.74%
05/18/2017, 5.28%, -0.81%, 0.35%
05/19/2017, 5.96%, -0.17%, 0.64%
05/22/2017, 6.51%, 0.35%, 0.52%
05/23/2017, 6.69%, 0.51%, 0.17%
05/24/2017, 6.95%, 0.76%, 0.25%
05/25/2017, 7.37%, 1.16%, 0.39%
05/26/2017, 7.39%, 1.18%, 0.02%
05/30/2017, 7.21%, 1.01%, -0.16%
05/31/2017, 7.2%, 0.99%, -0.02%
06/01/2017, 8.15%, 0.88%, 0.88%
06/02/2017, 8.55%, 1.26%, 0.37%
06/05/2017, 8.36%, 1.08%, -0.18%
06/06/2017, 8.08%, 0.82%, -0.26%
06/07/2017, 8.22%, 0.95%, 0.13%
06/08/2017, 8.39%, 1.11%, 0.15%
06/09/2017, 8.33%, 1.06%, -0.05%
06/12/2017, 8.25%, 0.98%, -0.08%
06/13/2017, 8.79%, 1.48%, 0.5%
06/14/2017, 8.66%, 1.36%, -0.12%
06/15/2017, 8.4%, 1.12%, -0.24%
06/16/2017, 8.4%, 1.12%, 0%
06/19/2017, 9.24%, 1.9%, 0.77%
06/20/2017, 8.03%, 0.77%, -1.1%
06/21/2017, 7.94%, 0.7%, -0.08%
06/22/2017, 7.94%, 0.7%, 0%
06/23/2017, 8.2%, 0.94%, 0.24%
06/26/2017, 8.27%, 1%, 0.06%
06/27/2017, 7.41%, 0.2%, -0.79%
06/28/2017, 8.39%, 1.11%, 0.91%
06/29/2017, 7.51%, 0.29%, -0.81%
06/30/2017, 7.66%, 0.43%, 0.14%
07/03/2017, 7.96%, 0.27%, 0.27%
07/05/2017, 8.03%, 0.34%, 0.06%
07/06/2017, 7.02%, -0.59%, -0.93%
07/07/2017, 7.73%, 0.06%, 0.66%
07/10/2017, 7.75%, 0.08%, 0.02%
07/11/2017, 7.73%, 0.06%, -0.01%
07/12/2017, 8.51%, 0.78%, 0.72%
07/13/2017, 8.69%, 0.95%, 0.16%
07/14/2017, 9.15%, 1.38%, 0.42%
07/17/2017, 9.17%, 1.4%, 0.02%
07/18/2017, 9.22%, 1.44%, 0.04%
07/19/2017, 9.84%, 2.02%, 0.57%
07/20/2017, 9.83%, 2.01%, -0.02%
07/21/2017, 9.77%, 1.95%, -0.05%
07/24/2017, 9.71%, 1.9%, -0.05%
07/25/2017, 10.05%, 2.21%, 0.3%
07/26/2017, 10.01%, 2.17%, -0.04%
07/27/2017, 9.84%, 2.01%, -0.16%
07/28/2017, 9.69%, 1.88%, -0.13%
07/31/2017, 9.59%, 1.78%, -0.09%
08/01/2017, 9.85%, 0.24%, 0.24%
08/02/2017, 9.75%, 0.15%, -0.1%
08/03/2017, 9.54%, -0.04%, -0.19%
08/04/2017, 9.76%, 0.16%, 0.21%
08/07/2017, 9.93%, 0.32%, 0.15%
08/08/2017, 9.66%, 0.07%, -0.25%
08/09/2017, 9.53%, -0.05%, -0.12%
08/10/2017, 8.01%, -1.43%, -1.38%
08/11/2017, 8.18%, -1.27%, 0.16%
08/14/2017, 9.26%, -0.3%, 0.99%
08/15/2017, 9.13%, -0.41%, -0.11%
08/16/2017, 9.32%, -0.24%, 0.17%
08/17/2017, 7.71%, -1.71%, -1.47%
08/18/2017, 7.54%, -1.86%, -0.16%
08/21/2017, 7.64%, -1.77%, 0.09%
08/22/2017, 8.65%, -0.85%, 0.94%
08/23/2017, 8.36%, -1.12%, -0.27%
08/24/2017, 8.22%, -1.24%, -0.13%
08/25/2017, 8.42%, -1.05%, 0.19%
08/28/2017, 8.47%, -1.01%, 0.05%
08/29/2017, 8.57%, -0.92%, 0.09%
08/30/2017, 9.11%, -0.43%, 0.49%
08/31/2017, 9.79%, 0.19%, 0.62%
09/01/2017, 10.05%, 0.24%, 0.24%
09/05/2017, 9.24%, -0.49%, -0.73%
09/06/2017, 9.52%, -0.24%, 0.25%
09/07/2017, 9.5%, -0.26%, -0.02%
09/08/2017, 9.4%, -0.36%, -0.1%
09/11/2017, 10.51%, 0.66%, 1.02%
09/12/2017, 10.91%, 1.02%, 0.36%
09/13/2017, 10.97%, 1.07%, 0.06%
09/14/2017, 10.91%, 1.02%, -0.06%
09/15/2017, 11.13%, 1.22%, 0.2%
09/18/2017, 11.36%, 1.43%, 0.21%
09/19/2017, 11.44%, 1.5%, 0.07%
09/20/2017, 11.57%, 1.62%, 0.12%
09/21/2017, 10.81%, 0.93%, -0.68%
09/22/2017, 10.95%, 1.05%, 0.13%
09/25/2017, 10.76%, 0.88%, -0.17%
09/26/2017, 10.79%, 0.9%, 0.03%
09/27/2017, 11.33%, 1.4%, 0.49%
09/28/2017, 11.5%, 1.55%, 0.15%
09/29/2017, 11.87%, 1.88%, 0.33%
10/02/2017, 12.39%, 0.47%, 0.47%
10/03/2017, 12.64%, 0.68%, 0.21%
10/04/2017, 12.75%, 0.79%, 0.1%
10/05/2017, 13.33%, 1.3%, 0.5%
10/06/2017, 13.22%, 1.2%, -0.09%
10/09/2017, 13%, 1.01%, -0.19%
10/10/2017, 13.24%, 1.22%, 0.21%
10/11/2017, 13.41%, 1.37%, 0.15%
10/12/2017, 13.26%, 1.24%, -0.13%
10/13/2017, 13.34%, 1.31%, 0.07%
10/16/2017, 13.49%, 1.44%, 0.13%
10/17/2017, 13.52%, 1.47%, 0.03%
10/18/2017, 13.63%, 1.57%, 0.09%
10/19/2017, 13.67%, 1.6%, 0.03%
10/20/2017, 14.21%, 2.09%, 0.48%
10/23/2017, 13.74%, 1.67%, -0.41%
10/24/2017, 13.9%, 1.81%, 0.14%
10/25/2017, 13.37%, 1.34%, -0.46%
10/26/2017, 13.55%, 1.49%, 0.15%
10/27/2017, 14.41%, 2.26%, 0.75%
10/30/2017, 13.96%, 1.86%, -0.38%
10/31/2017, 14.18%, 2.06%, 0.19%
11/01/2017, 14.25%, 0.06%, 0.06%
11/02/2017, 14.31%, 0.11%, 0.05%
11/03/2017, 14.62%, 0.38%, 0.27%
11/06/2017, 14.79%, 0.53%, 0.15%
11/07/2017, 14.62%, 0.38%, -0.15%
11/08/2017, 14.77%, 0.51%, 0.13%
11/09/2017, 14.36%, 0.15%, -0.36%
11/10/2017, 14.31%, 0.1%, -0.05%
11/13/2017, 14.41%, 0.19%, 0.09%
11/14/2017, 14.17%, -0.01%, -0.2%
11/15/2017, 13.63%, -0.49%, -0.48%
11/16/2017, 14.62%, 0.37%, 0.87%
11/17/2017, 14.47%, 0.25%, -0.13%
11/20/2017, 14.67%, 0.42%, 0.17%
11/21/2017, 15.43%, 1.09%, 0.67%
11/22/2017, 15.37%, 1.04%, -0.05%
11/24/2017, 15.59%, 1.22%, 0.19%
11/27/2017, 15.51%, 1.15%, -0.07%
11/28/2017, 16.62%, 2.12%, 0.96%
11/29/2017, 16.63%, 2.13%, 0.01%
11/30/2017, 17.49%, 2.87%, 0.73%
12/01/2017, 17.26%, -0.19%, -0.19%
12/04/2017, 17.11%, -0.32%, -0.13%
12/05/2017, 16.62%, -0.73%, -0.41%
12/06/2017, 16.54%, -0.79%, -0.07%
12/07/2017, 16.98%, -0.43%, 0.37%
12/08/2017, 17.57%, 0.07%, 0.5%
12/11/2017, 17.85%, 0.31%, 0.24%
12/12/2017, 17.95%, 0.4%, 0.09%
12/13/2017, 17.97%, 0.41%, 0.01%
12/14/2017, 17.44%, -0.03%, -0.44%
12/15/2017, 18.51%, 0.87%, 0.9%
12/18/2017, 19.21%, 1.46%, 0.59%
12/19/2017, 18.77%, 1.09%, -0.37%
12/20/2017, 18.17%, 0.57%, -0.51%
12/21/2017, 18.43%, 0.79%, 0.22%
12/22/2017, 18.37%, 0.75%, -0.04%
12/26/2017, 18.31%, 0.7%, -0.05%
12/27/2017, 18.41%, 0.78%, 0.09%
12/28/2017, 18.68%, 1.01%, 0.22%
12/29/2017, 18.07%, 0.5%, -0.51%
